4955	7087	4648	4004	852	239	2332	5452	7798	14173	7335	3349	5617	3125	3630	3443	4018	1283	1066	2493	1968	239	2049	246	1308	590	1567	2131	1129	1591	891	2187	4909	239	1346	240
4626	7281	4580	3911	1026	1079	2174	5524	7471	14107	7180	3299	5656	3033	3525	3401	3991	1390	1503	2627	1878	810	2046	246	1280	609	1584	2100	1416	1513	910	2012	4730	345	1401	223
4298	7475	4513	3819	1201	1918	2015	5596	7143	14040	7025	3249	5695	2942	3421	3359	3965	1498	1941	2761	1788	1381	2043	246	1252	627	1601	2069	1702	1436	929	1837	4550	451	1456	206
3970	7669	4445	3726	1375	2757	1857	5669	6815	13973	6870	3199	5733	2850	3316	3318	3939	1605	2379	2895	1697	1952	2039	245	1225	646	1618	2038	1989	1358	948	1662	4371	557	1511	189
3642	7862	4377	3633	1549	3597	1699	5741	6488	13907	6715	3148	5772	2759	3212	3276	3913	1712	2817	3029	1607	2523	2036	245	1197	665	1635	2007	2276	1280	967	1487	4191	662	1566	173
3313	8056	4309	3540	1724	4436	1541	5813	6160	13840	6559	3098	5811	2667	3107	3234	3886	1819	3254	3163	1517	3093	2033	245	1169	684	1652	1976	2563	1202	986	1311	4012	768	1621	156
2985	8250	4241	3447	1898	5276	1382	5886	5832	13773	6404	3048	5849	2576	3002	3192	3860	1927	3692	3298	1426	3664	2030	244	1142	702	1669	1945	2849	1124	1004	1136	3833	874	1676	139
2657	8443	4173	3355	2073	6115	1224	5958	5504	13707	6249	2997	5888	2484	2898	3150	3834	2034	4130	3432	1336	4235	2026	244	1114	721	1686	1914	3136	1046	1023	961	3653	980	1730	122
3040	8496	3993	3329	1865	5933	1285	6044	5472	13259	6096	3095	5793	2231	2866	3125	3579	1980	4153	3457	1290	4355	2038	386	1135	739	1542	1881	3004	931	1639	1067	3390	1042	1623	200
3424	8549	3813	3303	1658	5750	1346	6131	5440	12812	5943	3192	5698	1977	2834	3100	3325	1925	4177	3481	1243	4476	2050	528	1156	758	1397	1849	2871	816	2255	1173	3127	1104	1516	278
3808	8602	3632	3277	1450	5568	1407	6217	5408	12365	5791	3290	5604	1723	2803	3076	3070	1871	4200	3506	1197	4596	2061	670	1178	776	1253	1817	2738	700	2871	1279	2863	1167	1409	356
4191	8655	3452	3251	1243	5386	1468	6304	5376	11917	5638	3388	5509	1470	2771	3051	2815	1817	4224	3531	1151	4717	2073	812	1199	794	1108	1785	2605	585	3487	1385	2600	1229	1302	434
4575	8708	3272	3225	1036	5204	1529	6390	5344	11470	5485	3485	5414	1216	2740	3026	2561	1763	4247	3556	1105	4837	2084	954	1220	813	964	1753	2473	470	4103	1491	2337	1292	1195	512
4958	8761	3092	3199	828	5021	1590	6477	5312	11022	5332	3583	5320	962	2708	3002	2306	1709	4270	3581	1059	4958	2096	1096	1241	831	819	1721	2340	355	4719	1596	2074	1354	1088	590
5342	8814	2911	3173	621	4839	1651	6563	5280	10575	5180	3680	5225	708	2677	2977	2051	1655	4294	3606	1012	5078	2108	1238	1263	849	675	1689	2207	239	5335	1702	1810	1416	981	667
5144	9068	3042	3081	960	4609	1756	6291	5367	10077	4848	3785	4898	730	2692	2744	1897	1532	4179	3913	902	4921	2187	1385	1235	946	639	1458	2207	253	5480	1773	1759	1488	1253	693
4946	9322	3172	2990	1299	4379	1862	6018	5454	9578	4516	3889	4570	751	2707	2511	1742	1409	4063	4220	792	4763	2265	1533	1207	1043	603	1227	2206	267	5625	1844	1707	1560	1525	718
4748	9575	3303	2898	1639	4148	1967	5746	5541	9080	4184	3994	4243	772	2723	2278	1588	1286	3948	4528	681	4606	2344	1680	1179	1141	567	996	2206	281	5770	1916	1655	1632	1797	744
4551	9829	3433	2806	1978	3918	2073	5473	5627	8581	3852	4098	3916	794	2738	2045	1434	1163	3833	4835	571	4448	2423	1827	1151	1238	531	765	2205	294	5916	1987	1603	1704	2069	769
4353	10082	3564	2714	2317	3688	2178	5201	5714	8083	3520	4203	3588	815	2753	1811	1279	1040	3718	5143	460	4291	2502	1974	1123	1335	495	534	2205	308	6061	2058	1551	1776	2341	794
4155	10336	3694	2622	2657	3458	2284	4928	5801	7585	3189	4307	3261	836	2769	1578	1125	917	3602	5450	350	4133	2581	2122	1096	1432	459	304	2204	322	6206	2129	1499	1848	2613	820
3957	10590	3825	2530	2996	3228	2389	4656	5888	7086	2857	4412	2934	858	2784	1345	970	794	3487	5758	239	3976	2660	2269	1068	1530	423	73	2203	336	6351	2200	1447	1920	2885	845
3704	10326	3811	2847	3650	3102	2847	4615	5911	6846	2904	4165	2914	1219	2799	1398	1183	829	3351	5908	239	3919	2630	2499	1042	1521	396	140	2096	744	6789	1890	1841	1785	2585	820
3451	10062	3798	3163	4304	2976	3305	4573	5934	6605	2950	3919	2895	1581	2814	1451	1397	865	3215	6058	239	3861	2599	2728	1016	1513	370	207	1988	1153	7228	1580	2235	1650	2285	795
3198	9798	3784	3480	4959	2850	3763	4532	5956	6365	2997	3673	2875	1942	2829	1503	1610	900	3080	6208	239	3804	2569	2958	989	1505	344	274	1880	1561	7666	1270	2629	1516	1985	770
2945	9534	3771	3796	5613	2724	4220	4491	5979	6124	3044	3426	2856	2304	2845	1556	1823	935	2944	6359	239	3747	2539	3188	963	1497	318	341	1772	1970	8105	959	3023	1381	1685	745
2692	9271	3757	4113	6267	2597	4678	4450	6001	5884	3091	3180	2836	2665	2860	1609	2036	971	2808	6509	239	3690	2509	3418	937	1489	292	408	1665	2378	8543	649	3417	1246	1385	720
2439	9007	3744	4430	6922	2471	5136	4408	6024	5643	3138	2933	2817	3027	2875	1662	2250	1006	2672	6659	239	3633	2479	3647	911	1480	266	475	1557	2786	8982	339	3811	1111	1085	695
2187	8743	3731	4746	7576	2345	5594	4367	6046	5403	3185	2687	2797	3388	2890	1715	2463	1041	2536	6809	239	3575	2448	3877	885	1472	239	542	1449	3195	9420	29	4205	977	785	669
2385	8834	4066	4977	7292	2390	5384	4275	5837	5327	3175	3010	2635	4166	2890	1870	2457	969	2225	7244	442	3568	2255	4066	978	1345	285	697	1385	3119	8911	379	4009	1063	829	628
2584	8924	4402	5208	7007	2435	5174	4183	5627	5251	3165	3333	2473	4945	2891	2025	2452	897	1914	7679	644	3560	2063	4254	1071	1218	331	851	1321	3043	8402	728	3812	1149	872	586
2782	9015	4738	5438	6722	2480	4964	4091	5418	5175	3155	3656	2310	5723	2891	2181	2446	824	1603	8114	846	3552	1870	4443	1164	1091	377	1005	1257	2967	7893	1078	3616	1235	916	544
2981	9105	5074	5669	6438	2525	4754	3998	5208	5099	3145	3979	2148	6501	2892	2336	2440	752	1292	8549	1048	3544	1677	4631	1257	964	423	1160	1193	2891	7384	1427	3420	1321	959	503
3179	9196	5410	5900	6153	2570	4544	3906	4999	5023	3135	4302	1986	7279	2892	2492	2435	680	981	8984	1250	3536	1484	4820	1350	837	469	1314	1129	2815	6875	1777	3223	1407	1003	461
3378	9287	5746	6131	5868	2615	4334	3814	4789	4947	3125	4626	1823	8057	2893	2647	2429	608	670	9419	1453	3528	1291	5009	1443	711	514	1469	1064	2739	6366	2126	3027	1493	1046	419
3576	9377	6082	6361	5584	2660	4124	3722	4579	4871	3115	4949	1661	8836	2893	2803	2423	535	359	9854	1655	3520	1098	5197	1536	584	560	1623	1000	2663	5857	2476	2830	1579	1090	378
3302	8969	7052	6140	5340	2465	3793	3704	5532	4788	3190	4470	1554	8429	3014	3041	2434	573	415	9122	1530	3452	1247	4893	1605	774	646	1737	1062	2316	5634	2556	3180	1581	997	375
3028	8562	8023	5919	5097	2271	3462	3685	6485	4704	3265	3992	1448	8022	3134	3279	2444	611	471	8390	1405	3383	1395	4588	1674	964	731	1851	1123	1970	5412	2637	3530	1583	904	372
2753	8154	8993	5698	4853	2076	3131	3667	7437	4621	3339	3513	1341	7615	3255	3517	2455	648	527	7659	1279	3314	1544	4284	1742	1154	817	1965	1184	1624	5190	2717	3880	1584	811	369
2479	7746	9963	5477	4610	1881	2800	3648	8390	4537	3414	3035	1234	7208	3375	3755	2465	686	583	6927	1154	3245	1693	3979	1811	1344	903	2079	1245	1278	4967	2797	4230	1586	719	366
2204	7338	10934	5256	4366	1686	2469	3630	9342	4454	3489	2556	1128	6802	3496	3993	2475	724	638	6195	1029	3176	1841	3675	1880	1534	988	2193	1307	932	4745	2878	4580	1588	626	364
1930	6930	11904	5035	4123	1491	2138	3612	10295	4370	3563	2077	1021	6395	3616	4231	2486	762	694	5463	904	3107	1990	3370	1949	1724	1074	2308	1368	586	4523	2958	4929	1590	533	361
1656	6522	12875	4814	3879	1296	1808	3593	11247	4287	3638	1599	914	5988	3737	4469	2496	800	750	4731	779	3038	2139	3065	2018	1915	1159	2422	1429	239	4300	3038	5279	1591	440	358
1953	6219	12427	4689	3778	1318	1975	3607	11127	4272	3655	1558	898	6103	3674	4911	2424	744	877	4862	819	3035	2118	2968	1913	2122	1171	2382	1441	528	4205	3058	5356	1646	470	351
2251	5916	11978	4565	3677	1340	2142	3620	11006	4258	3671	1516	882	6218	3611	5352	2352	688	1004	4993	859	3032	2097	2871	1808	2329	1183	2342	1454	817	4110	3077	5432	1701	501	343
2549	5613	11530	4440	3575	1362	2309	3633	10886	4243	3688	1475	866	6333	3548	5793	2280	633	1131	5124	899	3029	2076	2774	1703	2537	1195	2303	1466	1106	4015	3097	5509	1756	531	335
2847	5310	11082	4316	3474	1384	2476	3647	10765	4228	3704	1433	850	6448	3485	6235	2207	577	1258	5256	939	3026	2055	2676	1599	2744	1208	2263	1479	1394	3920	3116	5585	1810	562	328
3144	5007	10634	4191	3373	1407	2643	3660	10644	4214	3721	1392	833	6563	3422	6676	2135	522	1385	5387	979	3023	2034	2579	1494	2952	1220	2223	1491	1683	3825	3136	5662	1865	592	320
3442	4704	10186	4067	3271	1429	2810	3673	10524	4199	3738	1351	817	6678	3359	7117	2063	466	1512	5518	1019	3020	2013	2482	1389	3159	1232	2184	1504	1972	3730	3156	5738	1920	622	313
3740	4401	9738	3942	3170	1451	2977	3686	10403	4185	3754	1309	801	6793	3296	7559	1991	411	1639	5649	1059	3017	1992	2384	1284	3366	1244	2144	1516	2261	3635	3175	5815	1975	653	305
3718	4299	9139	3978	3122	1476	2931	4118	10649	4110	3630	1213	863	6611	3237	7299	1949	478	2111	5537	1366	3162	2011	2514	1422	2940	1228	2331	1711	2300	3262	3150	5674	2132	626	296
3697	4196	8540	4014	3073	1501	2885	4549	10895	4035	3506	1116	924	6430	3179	7040	1907	545	2583	5426	1672	3308	2030	2643	1559	2515	1213	2517	1905	2339	2890	3124	5532	2290	600	286
3675	4094	7941	4049	3025	1526	2839	4981	11141	3960	3382	1020	986	6249	3121	6781	1866	612	3055	5315	1978	3453	2048	2772	1696	2089	1198	2704	2100	2379	2518	3099	5391	2447	573	277
3653	3991	7343	4085	2976	1551	2793	5412	11387	3885	3257	923	1048	6067	3063	6522	1824	679	3526	5203	2285	3598	2067	2901	1834	1663	1183	2891	2294	2418	2146	3074	5250	2605	547	267
3632	3889	6744	4121	2928	1576	2747	5843	11633	3810	3133	826	1110	5886	3005	6263	1782	747	3998	5092	2591	3744	2086	3030	1971	1237	1168	3077	2489	2457	1773	3049	5109	2763	520	258
3610	3786	6145	4156	2880	1601	2701	6275	11879	3735	3009	730	1171	5705	2947	6004	1740	814	4470	4981	2898	3889	2104	3159	2109	811	1152	3264	2684	2497	1401	3023	4967	2920	494	249
3589	3684	5546	4192	2831	1626	2655	6706	12125	3660	2885	633	1233	5523	2888	5745	1699	881	4942	4870	3204	4035	2123	3288	2246	385	1137	3451	2878	2536	1029	2998	4826	3078	467	239
3565	4166	5307	4099	2918	2655	2466	6923	11644	3571	3024	672	1168	5280	2987	6163	1536	789	5173	4876	3351	4318	2069	3238	2346	727	1107	3306	2487	2541	916	2844	4780	2725	484	239
3542	4649	5068	4007	3006	3685	2277	7141	11162	3483	3163	711	1102	5038	3086	6580	1374	698	5405	4883	3497	4602	2016	3189	2446	1070	1077	3161	2095	2546	803	2689	4733	2373	501	239
3518	5131	4829	3914	3093	4714	2088	7358	10680	3394	3302	750	1037	4795	3185	6998	1211	606	5636	4890	3644	4886	1962	3139	2546	1412	1047	3016	1703	2551	690	2535	4687	2020	518	239
3495	5614	4590	3822	3180	5743	1899	7576	10199	3305	3441	789	972	4552	3284	7416	1048	514	5868	4897	3790	5169	1909	3090	2646	1755	1018	2871	1312	2557	578	2381	4640	1667	534	239
3471	6096	4351	3729	3268	6773	1710	7793	9717	3217	3580	828	906	4310	3382	7833	886	423	6099	4904	3937	5453	1855	3040	2746	2097	988	2726	920	2562	465	2226	4594	1315	551	239
3448	6579	4113	3637	3355	7802	1521	8011	9235	3128	3719	867	841	4067	3481	8251	723	331	6330	4911	4084	5737	1801	2991	2846	2440	958	2581	529	2567	352	2072	4547	962	568	239
3424	7061	3874	3544	3442	8831	1332	8228	8754	3040	3858	906	775	3824	3580	8668	561	239	6562	4918	4230	6020	1748	2941	2946	2782	928	2436	137	2572	239	1918	4500	609	585	239
3546	6571	3720	3484	3286	8484	1303	8212	8105	3055	4079	979	699	3731	3596	8165	681	346	5723	5023	4016	5773	1759	2874	2911	2720	919	2697	443	2508	239	1997	4486	681	586	239
3668	6081	3567	3423	3129	8136	1275	8196	7455	3069	4301	1052	622	3637	3612	7661	800	452	4884	5129	3801	5525	1770	2807	2875	2657	910	2959	748	2445	239	2076	4472	753	586	239
3789	5591	3414	3363	2972	7789	1246	8179	6806	3084	4522	1124	546	3544	3628	7158	920	558	4044	5234	3586	5278	1781	2739	2840	2595	901	3221	1054	2381	239	2156	4458	825	586	239
3911	5100	3261	3303	2815	7441	1218	8163	6157	3099	4744	1197	469	3450	3644	6654	1040	665	3205	5339	3372	5030	1791	2672	2805	2532	891	3483	1359	2318	239	2235	4444	897	587	239
4033	4610	3107	3243	2659	7094	1190	8147	5508	3113	4966	1270	393	3357	3660	6151	1160	771	2366	5445	3157	4782	1802	2605	2770	2470	882	3745	1665	2254	239	2314	4430	969	587	239
4155	4120	2954	3182	2502	6746	1161	8131	4859	3128	5187	1343	316	3263	3676	5647	1280	877	1527	5550	2942	4535	1813	2537	2735	2407	873	4006	1970	2190	239	2393	4416	1041	588	239
4277	3630	2801	3122	2345	6398	1133	8114	4210	3143	5409	1415	239	3170	3692	5144	1399	984	688	5656	2728	4287	1824	2470	2700	2345	864	4268	2276	2127	239	2473	4402	1113	588	239
4190	3919	2741	3088	2258	6288	1381	7801	4043	3091	5697	1444	239	3104	3776	4642	1452	1319	624	5537	2647	4213	1915	2151	3056	2162	840	4203	2121	1991	407	2573	4204	1118	583	239
4103	4209	2682	3054	2171	6178	1629	7487	3876	3040	5985	1472	239	3038	3860	4140	1504	1654	560	5419	2567	4138	2005	1833	3412	1978	817	4138	1967	1854	575	2674	4007	1123	579	239
4016	4498	2622	3021	2083	6068	1878	7173	3709	2988	6273	1501	239	2973	3945	3638	1557	1990	496	5300	2486	4064	2096	1514	3769	1795	793	4073	1812	1718	743	2774	3809	1129	574	239
3930	4787	2563	2987	1996	5958	2126	6859	3542	2937	6561	1529	239	2907	4029	3137	1609	2325	432	5182	2406	3990	2186	1195	4125	1612	769	4008	1658	1582	911	2875	3612	1134	569	239
3843	5077	2503	2953	1909	5848	2374	6545	3375	2886	6849	1557	239	2841	4113	2635	1661	2661	368	5063	2325	3915	2277	877	4481	1429	746	3943	1503	1446	1079	2976	3414	1139	564	239
3756	5366	2444	2920	1821	5738	2623	6232	3208	2834	7137	1586	239	2776	4197	2133	1714	2996	303	4945	2245	3841	2367	558	4838	1246	722	3878	1349	1310	1247	3076	3216	1144	559	239
3669	5656	2384	2886	1734	5628	2871	5918	3041	2783	7426	1614	239	2710	4281	1632	1766	3332	239	4827	2164	3767	2458	239	5194	1063	698	3813	1195	1174	1415	3177	3019	1149	554	239
3672	5551	2514	2725	1949	4893	2523	6014	3050	2974	7307	1785	257	2654	4144	1433	1831	3278	447	4785	2182	3791	2512	239	4992	1233	679	3597	1401	1323	1569	3133	3009	1427	553	239
3674	5446	2644	2563	2163	4159	2174	6111	3058	3165	7189	1957	274	2599	4008	1234	1897	3224	655	4743	2200	3815	2567	239	4790	1403	660	3382	1607	1472	1723	3088	2998	1706	551	239
3676	5342	2774	2402	2378	3424	1825	6208	3066	3357	7071	2128	291	2544	3871	1035	1962	3171	863	4701	2218	3839	2621	239	4587	1573	641	3166	1813	1622	1876	3044	2988	1984	550	239
3678	5237	2904	2241	2593	2690	1477	6304	3074	3548	6953	2300	309	2488	3735	836	2027	3117	1071	4659	2235	3864	2675	239	4385	1743	623	2950	2020	1771	2030	3000	2978	2262	548	239
3680	5132	3034	2080	2807	1955	1128	6401	3082	3740	6835	2471	326	2433	3598	637	2093	3063	1279	4617	2253	3888	2730	239	4183	1914	604	2734	2226	1920	2184	2956	2968	2540	546	239
3683	5028	3164	1919	3022	1221	779	6498	3090	3931	6716	2642	343	2377	3461	438	2158	3009	1487	4575	2271	3912	2784	239	3981	2084	585	2518	2432	2069	2337	2911	2957	2818	545	239
3685	4923	3294	1758	3237	486	431	6594	3098	4122	6598	2814	361	2322	3325	239	2223	2956	1695	4533	2289	3936	2838	239	3779	2254	566	2303	2638	2219	2491	2867	2947	3096	543	239
3885	4938	3566	1824	4274	820	1106	6388	3171	4073	6604	2801	571	2392	3392	212	2231	3163	1571	4406	2270	3913	2879	414	3362	2220	530	2754	2795	2284	2587	2906	2968	3146	589	222
4085	4953	3837	1890	5311	1153	1782	6181	3243	4024	6609	2789	781	2462	3460	185	2240	3371	1446	4280	2252	3889	2920	589	2945	2187	493	3206	2952	2349	2682	2946	2988	3196	635	205
4285	4968	4109	1956	6348	1487	2458	5974	3316	3975	6614	2776	990	2532	3528	157	2248	3578	1321	4153	2234	3866	2962	764	2528	2153	457	3658	3109	2414	2778	2985	3009	3246	682	188
4486	4983	4381	2022	7386	1821	3133	5767	3388	3926	6619	2764	1200	2603	3595	130	2256	3785	1197	4026	2215	3842	3003	939	2111	2120	421	4110	3266	2479	2874	3024	3030	3296	728	171
4686	4998	4653	2088	8423	2154	3809	5560	3460	3877	6625	2751	1410	2673	3663	102	2264	3993	1072	3899	2197	3819	3044	1114	1694	2086	385	4562	3422	2544	2970	3063	3050	3346	774	155
4886	5013	4925	2154	9460	2488	4484	5354	3533	3828	6630	2739	1620	2743	3730	75	2272	4200	948	3773	2179	3795	3085	1289	1277	2052	348	5014	3579	2609	3065	3103	3071	3397	820	138
5086	5028	5196	2220	10497	2821	5160	5147	3605	3778	6635	2726	1830	2813	3798	47	2281	4408	823	3646	2160	3772	3126	1464	860	2019	312	5466	3736	2675	3161	3142	3091	3447	866	121
5413	5396	4739	2488	10213	2801	5211	4827	3715	3789	6518	2868	2177	2785	3510	55	2502	4535	959	3855	2107	3796	3235	1666	1432	1941	456	5663	3548	2577	3118	2850	2920	3505	963	142
5739	5764	4281	2756	9928	2781	5262	4507	3824	3799	6402	3009	2524	2756	3223	62	2723	4662	1096	4065	2055	3820	3345	1868	2004	1863	601	5859	3360	2479	3075	2559	2748	3564	1059	164
6065	6132	3823	3023	9643	2760	5313	4187	3933	3810	6285	3150	2871	2728	2935	70	2945	4789	1232	4274	2002	3844	3454	2070	2577	1786	745	6056	3172	2382	3032	2267	2577	3623	1156	186
6392	6500	3366	3291	9359	2740	5364	3868	4042	3820	6169	3292	3218	2699	2648	78	3166	4916	1369	4484	1949	3867	3564	2272	3149	1708	889	6253	2984	2284	2988	1975	2405	3682	1252	208
6718	6869	2908	3559	9074	2719	5414	3548	4152	3830	6052	3433	3565	2671	2360	85	3387	5043	1505	4693	1896	3891	3673	2474	3721	1630	1034	6450	2796	2187	2945	1684	2233	3740	1349	230
7044	7237	2450	3827	8789	2699	5465	3228	4261	3841	5936	3574	3912	2642	2073	93	3609	5170	1642	4903	1844	3915	3783	2676	4294	1552	1178	6647	2608	2089	2902	1392	2062	3799	1445	252
7371	7605	1993	4095	8505	2679	5516	2909	4370	3851	5819	3716	4259	2614	1785	100	3830	5298	1778	5112	1791	3939	3892	2878	4866	1475	1322	6844	2420	1992	2859	1100	1890	3858	1542	274
7311	7212	1991	4401	8016	2757	5566	2731	4433	3776	5725	3832	3755	2413	1915	187	3745	5251	1879	5234	1764	3953	3899	2986	4915	1485	1331	6551	2400	2005	2932	1018	2009	3327	1502	338
7251	6820	1989	4707	7528	2836	5615	2553	4496	3702	5631	3948	3252	2212	2044	275	3659	5205	1980	5355	1736	3967	3905	3093	4964	1496	1340	6259	2381	2018	3005	936	2128	2795	1462	403
7191	6427	1986	5013	7039	2915	5665	2375	4559	3627	5536	4064	2748	2012	2174	362	3574	5159	2080	5477	1709	3982	3911	3201	5013	1507	1348	5966	2362	2031	3079	853	2246	2264	1422	468
7131	6034	1984	5318	6551	2993	5714	2197	4622	3553	5442	4181	2245	1811	2303	449	3488	5113	2181	5598	1682	3996	3917	3309	5061	1518	1357	5674	2342	2044	3152	771	2365	1733	1382	533
7071	5642	1982	5624	6062	3072	5764	2019	4685	3478	5348	4297	1741	1610	2433	537	3403	5066	2282	5720	1654	4010	3924	3417	5110	1529	1366	5382	2323	2057	3225	689	2484	1202	1342	598
7012	5249	1980	5930	5574	3151	5813	1841	4748	3403	5253	4413	1238	1410	2562	624	3318	5020	2383	5841	1627	4024	3930	3524	5159	1539	1374	5089	2304	2070	3298	606	2603	671	1303	663
6952	4857	1978	6236	5085	3229	5863	1663	4811	3329	5159	4529	734	1209	2692	711	3232	4974	2484	5963	1600	4038	3936	3632	5208	1550	1383	4797	2284	2083	3371	524	2722	139	1263	728
6861	4448	2136	5720	5292	3304	5644	1976	4652	3388	5045	4309	1138	1201	2787	908	3274	4853	2427	5839	1636	4016	3866	4220	5354	1622	1392	4563	2258	2146	3566	584	2797	235	1354	678
6771	4039	2295	5203	5498	3378	5425	2288	4493	3447	4930	4088	1541	1194	2882	1105	3315	4732	2370	5716	1673	3994	3795	4807	5499	1694	1402	4329	2232	2208	3760	645	2872	331	1445	628
6681	3630	2453	4686	5705	3452	5207	2600	4334	3506	4816	3868	1945	1187	2978	1302	3356	4611	2313	5592	1709	3972	3725	5395	5645	1766	1412	4096	2205	2270	3954	705	2947	427	1536	577
6590	3221	2612	4170	5912	3527	4988	2913	4175	3565	4701	3648	2348	1179	3073	1500	3398	4490	2256	5469	1745	3951	3654	5983	5790	1838	1421	3862	2179	2333	4148	766	3022	523	1628	527
6500	2812	2770	3653	6118	3601	4769	3225	4016	3624	4587	3427	2752	1172	3168	1697	3439	4369	2199	5345	1782	3929	3583	6570	5936	1910	1431	3628	2153	2395	4342	826	3097	619	1719	477
6410	2403	2928	3136	6325	3675	4551	3538	3858	3683	4472	3207	3155	1164	3264	1894	3480	4249	2142	5222	1818	3907	3513	7158	6081	1982	1440	3395	2126	2457	4536	887	3172	715	1810	426
6320	1994	3087	2620	6532	3750	4332	3850	3699	3741	4358	2987	3559	1157	3359	2091	3521	4128	2085	5098	1855	3885	3442	7746	6227	2054	1450	3161	2100	2519	4730	947	3247	811	1901	376
6368	1791	3192	2612	6406	3530	4146	4132	3550	3706	4142	2795	3388	1133	3214	2307	3240	3916	2017	4799	1947	3723	3358	7622	5968	2102	1378	3133	1985	2506	4684	1117	3169	729	1877	330
6416	1588	3298	2605	6281	3310	3960	4414	3401	3671	3926	2603	3218	1109	3070	2522	2958	3704	1950	4500	2039	3561	3273	7499	5710	2151	1306	3105	1869	2492	4637	1286	3090	647	1852	284
6465	1385	3403	2598	6156	3090	3774	4695	3252	3636	3711	2411	3047	1085	2926	2738	2677	3492	1882	4200	2131	3400	3189	7376	5451	2200	1235	3077	1754	2479	4590	1455	3011	566	1828	237
6513	1182	3509	2591	6031	2870	3588	4977	3103	3601	3495	2220	2877	1061	2781	2954	2395	3280	1815	3901	2223	3238	3105	7252	5193	2249	1163	3049	1638	2465	4544	1624	2933	484	1803	191
6561	979	3614	2584	5906	2650	3402	5258	2955	3566	3279	2028	2706	1038	2637	3169	2113	3068	1747	3601	2315	3076	3020	7129	4935	2298	1092	3021	1523	2452	4497	1793	2854	403	1779	145
6610	777	3720	2577	5781	2430	3216	5540	2806	3531	3064	1836	2536	1014	2492	3385	1832	2856	1680	3302	2407	2915	2936	7005	4676	2347	1020	2993	1407	2438	4451	1962	2775	321	1754	98
6658	574	3825	2570	5655	2210	3030	5822	2657	3496	2848	1645	2365	990	2348	3601	1550	2644	1612	3003	2499	2753	2851	6882	4418	2396	948	2965	1292	2425	4404	2131	2697	239	1730	52
6866	492	3643	2605	5110	2257	2919	5637	2564	3395	2802	1704	2272	958	2445	3415	1614	2506	1573	2963	2759	2689	2855	6364	4237	2331	976	2887	1279	2430	3935	2104	2776	363	1763	106
7073	410	3462	2641	4565	2304	2809	5453	2470	3294	2756	1762	2179	926	2542	3229	1678	2368	1533	2924	3019	2624	2859	5847	4056	2267	1004	2810	1267	2434	3465	2077	2856	487	1796	161
7281	328	3280	2676	4020	2351	2698	5268	2377	3194	2710	1821	2086	893	2639	3042	1742	2231	1493	2885	3278	2560	2863	5329	3876	2202	1032	2732	1254	2439	2996	2050	2936	610	1829	215
7489	246	3098	2711	3475	2398	2588	5084	2284	3093	2664	1880	1993	861	2737	2856	1806	2093	1454	2846	3538	2496	2866	4812	3695	2138	1060	2654	1242	2444	2527	2023	3016	734	1862	270
7696	165	2916	2746	2929	2446	2478	4899	2190	2992	2618	1939	1900	829	2834	2670	1870	1955	1414	2806	3798	2432	2870	4294	3514	2073	1088	2576	1229	2449	2057	1996	3095	858	1895	324
7904	83	2735	2781	2384	2493	2367	4715	2097	2892	2572	1997	1807	797	2931	2484	1934	1817	1374	2767	4057	2367	2874	3776	3333	2009	1116	2498	1217	2454	1588	1969	3175	982	1928	378
8112	1	2553	2817	1839	2540	2257	4530	2003	2791	2527	2056	1714	765	3028	2298	1998	1680	1335	2728	4317	2303	2877	3259	3152	1944	1144	2420	1204	2459	1119	1942	3255	1105	1961	433
8000	56	2414	2534	1771	2764	2206	4238	2105	2778	2454	2084	1780	767	3343	2176	2047	1683	1393	2720	3971	2397	3085	3554	3151	2175	1134	2302	1268	2496	1209	2016	3200	1124	2071	405
7889	110	2275	2251	1704	2988	2155	3946	2206	2764	2382	2113	1846	770	3658	2055	2096	1687	1450	2712	3624	2491	3293	3849	3150	2405	1124	2184	1331	2532	1298	2089	3146	1142	2180	378
7778	165	2136	1968	1637	3213	2104	3654	2307	2751	2310	2141	1912	772	3973	1933	2145	1691	1508	2705	3278	2585	3500	4145	3149	2636	1113	2065	1395	2569	1388	2163	3091	1161	2290	350
7667	220	1997	1685	1569	3437	2053	3362	2408	2737	2238	2169	1978	775	4288	1812	2194	1694	1566	2697	2931	2679	3708	4440	3147	2867	1103	1947	1458	2606	1478	2237	3036	1179	2399	322
7555	274	1858	1402	1502	3661	2002	3070	2509	2724	2165	2197	2044	778	4603	1690	2243	1698	1624	2689	2585	2773	3915	4735	3146	3097	1093	1829	1522	2642	1568	2310	2981	1198	2509	295
7444	329	1719	1119	1434	3886	1951	2777	2610	2710	2093	2225	2110	780	4918	1569	2292	1702	1681	2681	2239	2867	4123	5030	3145	3328	1083	1710	1585	2679	1658	2384	2927	1216	2619	267
7333	384	1580	836	1367	4110	1900	2485	2711	2697	2021	2254	2176	783	5233	1447	2340	1705	1739	2673	1892	2961	4330	5326	3143	3559	1073	1592	1649	2716	1748	2458	2872	1235	2728	239
6685	547	1736	783	1454	4212	1984	2599	2770	2748	2103	2288	2166	885	5330	1602	2440	1590	1821	2703	1892	2984	3995	5291	3082	3557	1112	1642	1709	2708	1858	2493	2833	1357	2873	398
6037	711	1892	730	1541	4314	2067	2713	2829	2800	2185	2322	2157	987	5427	1756	2539	1474	1902	2733	1891	3007	3659	5257	3020	3556	1151	1691	1768	2700	1967	2529	2793	1480	3018	557
5388	875	2049	677	1628	4415	2151	2827	2887	2851	2268	2356	2147	1090	5524	1910	2639	1359	1984	2763	1891	3031	3323	5223	2958	3554	1189	1741	1828	2692	2077	2565	2754	1602	3162	716
4740	1038	2205	624	1716	4517	2235	2940	2946	2902	2350	2390	2138	1192	5621	2065	2738	1243	2066	2793	1891	3054	2988	5188	2896	3553	1228	1790	1888	2684	2186	2600	2714	1725	3307	875
4092	1202	2361	571	1803	4619	2318	3054	3004	2954	2432	2424	2128	1294	5719	2219	2837	1128	2147	2823	1890	3078	2652	5154	2834	3552	1266	1840	1948	2676	2296	2636	2675	1848	3452	1035
3444	1366	2518	518	1890	4721	2402	3168	3063	3005	2514	2458	2119	1397	5816	2374	2937	1013	2229	2853	1890	3101	2317	5119	2773	3550	1305	1890	2008	2668	2405	2672	2636	1970	3596	1194
2796	1529	2674	466	1977	4823	2485	3282	3121	3057	2596	2493	2109	1499	5913	2528	3036	897	2310	2883	1890	3125	1981	5085	2711	3549	1344	1939	2067	2660	2515	2707	2596	2093	3741	1353
2781	1582	2957	519	1923	4717	2584	3337	3198	3122	2671	2578	2163	1504	5959	2472	3058	995	2421	2952	1913	3043	2056	4853	2722	3656	1406	1989	2017	2710	2491	2542	2270	2136	3671	1408
2766	1636	3240	572	1870	4612	2682	3392	3274	3186	2745	2663	2217	1508	6005	2416	3080	1092	2531	3021	1937	2961	2130	4620	2733	3764	1468	2038	1967	2761	2467	2377	1944	2179	3601	1463
2751	1689	3523	626	1816	4507	2780	3447	3351	3251	2820	2748	2272	1513	6051	2360	3102	1190	2641	3091	1961	2879	2205	4388	2745	3871	1530	2087	1917	2811	2443	2212	1618	2221	3531	1518
2736	1742	3806	679	1762	4401	2879	3502	3428	3316	2894	2833	2326	1518	6097	2304	3124	1288	2752	3160	1984	2796	2279	4156	2756	3979	1592	2137	1867	2862	2419	2047	1292	2264	3461	1573
2721	1795	4089	733	1708	4296	2977	3557	3504	3381	2969	2918	2380	1523	6143	2247	3146	1385	2862	3230	2008	2714	2354	3924	2767	4086	1654	2186	1817	2912	2395	1882	966	2307	3391	1628
2706	1848	4373	786	1655	4190	3075	3612	3581	3446	3043	3003	2434	1527	6189	2191	3167	1483	2972	3299	2032	2632	2429	3691	2779	4194	1716	2236	1767	2963	2372	1717	641	2350	3321	1683
2691	1901	4656	840	1601	4085	3174	3667	3657	3511	3118	3088	2489	1532	6235	2135	3189	1580	3083	3369	2055	2550	2503	3459	2790	4301	1778	2285	1717	3013	2348	1551	315	2393	3250	1738
2628	1938	5591	996	1700	3896	3192	3647	3681	3361	3149	3092	2499	1385	6176	2271	3215	1624	3119	3517	2083	2706	2621	3454	2999	4226	1818	2524	1749	3003	2394	1345	719	2348	3154	1830
2565	1975	6526	1152	1800	3707	3211	3627	3705	3211	3180	3097	2509	1238	6117	2407	3240	1668	3156	3666	2110	2863	2738	3449	3207	4151	1859	2762	1781	2993	2441	1138	1123	2303	3058	1922
2501	2012	7462	1309	1899	3518	3229	3606	3729	3061	3211	3101	2519	1091	6058	2543	3266	1712	3192	3815	2137	3019	2855	3444	3416	4076	1899	3001	1813	2983	2488	932	1527	2259	2961	2013
2438	2049	8397	1465	1999	3330	3248	3586	3753	2911	3241	3106	2529	944	5999	2679	3291	1756	3228	3964	2165	3175	2973	3439	3625	4001	1939	3239	1844	2973	2534	725	1931	2214	2865	2105
2375	2086	9333	1622	2098	3141	3267	3566	3777	2761	3272	3110	2539	797	5940	2815	3317	1799	3265	4113	2192	3331	3090	3434	3834	3926	1980	3478	1876	2963	2581	518	2335	2169	2768	2197
2311	2123	10268	1778	2198	2952	3285	3546	3801	2611	3303	3115	2549	650	5881	2950	3342	1843	3301	4261	2219	3487	3207	3429	4043	3851	2020	3716	1908	2952	2627	312	2739	2125	2672	2289
2248	2160	11203	1934	2297	2763	3304	3526	3825	2461	3334	3119	2559	503	5822	3086	3368	1887	3338	4410	2246	3643	3325	3424	4252	3776	2060	3955	1939	2942	2674	105	3143	2080	2575	2380
2294	2109	10093	2181	2277	2704	3212	3583	4214	2444	3500	3227	2577	468	5795	3126	3368	1896	3258	4389	2274	3639	3355	3452	4283	3927	2094	3937	2071	3034	2723	137	3280	2193	2598	2360
2339	2058	8983	2427	2257	2645	3121	3640	4603	2427	3666	3335	2594	433	5767	3166	3368	1905	3179	4368	2301	3635	3385	3480	4314	4077	2128	3920	2202	3126	2772	168	3418	2306	2621	2339
2385	2007	7872	2674	2237	2586	3029	3697	4992	2410	3831	3442	2612	399	5739	3206	3369	1915	3100	4346	2329	3630	3415	3508	4345	4228	2162	3903	2333	3218	2821	200	3556	2420	2643	2318
2430	1956	6762	2920	2216	2527	2937	3754	5381	2393	3997	3550	2630	364	5712	3246	3369	1924	3020	4325	2357	3626	3445	3536	4376	4379	2195	3886	2465	3310	2870	231	3694	2533	2666	2297
2475	1904	5652	3166	2196	2467	2846	3810	5770	2376	4163	3658	2648	329	5684	3286	3369	1933	2941	4304	2384	3622	3475	3564	4407	4529	2229	3869	2596	3402	2919	263	3832	2646	2688	2277
2521	1853	4541	3413	2176	2408	2754	3867	6159	2359	4329	3765	2665	294	5656	3326	3369	1942	2861	4283	2412	3617	3505	3592	4438	4680	2263	3852	2727	3494	2969	294	3969	2760	2711	2256
2566	1802	3431	3659	2155	2349	2662	3924	6548	2342	4495	3873	2683	260	5628	3365	3369	1952	2782	4261	2439	3613	3534	3620	4469	4830	2297	3834	2859	3586	3018	326	4107	2873	2734	2235
2789	1896	3310	3651	2244	2490	2747	4045	6252	2042	4622	3945	2697	257	5581	3528	3278	2002	2942	4430	2479	3612	3658	3612	4375	4871	2361	3908	2906	3524	3183	636	4138	2882	2802	2363
3011	1989	3188	3644	2332	2631	2832	4166	5956	1741	4750	4016	2710	254	5533	3691	3187	2053	3102	4599	2520	3610	3781	3603	4281	4911	2426	3982	2953	3463	3349	946	4169	2892	2870	2490
3234	2083	3067	3636	2421	2772	2916	4288	5660	1441	4877	4088	2724	251	5486	3854	3096	2104	3261	4767	2560	3609	3904	3595	4186	4951	2491	4056	3000	3402	3514	1256	4200	2901	2939	2618
3456	2177	2946	3628	2509	2913	3001	4409	5364	1141	5005	4160	2737	248	5438	4017	3005	2154	3421	4936	2600	3607	4028	3587	4092	4992	2556	4129	3048	3341	3680	1566	4231	2910	3007	2745
3679	2270	2824	3621	2598	3054	3086	4530	5069	840	5132	4231	2751	245	5391	4180	2913	2205	3581	5105	2640	3606	4151	3579	3998	5032	2621	4203	3095	3280	3846	1876	4261	2920	3075	2873
3901	2364	2703	3613	2686	3195	3171	4651	4773	540	5259	4303	2765	242	5343	4343	2822	2256	3741	5273	2681	3605	4274	3571	3904	5072	2686	4277	3142	3219	4011	2186	4292	2929	3143	3000
4124	2458	2582	3605	2775	3336	3255	4773	4477	239	5387	4374	2778	239	5296	4505	2731	2307	3901	5442	2721	3603	4398	3562	3810	5113	2751	4351	3190	3158	4177	2496	4323	2938	3212	3128
4078	2549	2498	3752	2962	3400	3284	4795	4557	478	5470	4276	2794	349	5341	4418	2913	2422	3944	5543	2741	3659	4413	3617	3861	4881	2837	4658	3213	3086	4253	2458	4300	2966	3150	3288
4032	2640	2415	3899	3150	3464	3312	4818	4637	718	5554	4178	2809	459	5385	4330	3094	2537	3986	5643	2761	3714	4429	3672	3912	4650	2924	4965	3237	3014	4329	2420	4276	2993	3088	3448
3986	2731	2331	4046	3338	3529	3340	4840	4717	957	5637	4080	2824	568	5430	4243	3276	2652	4029	5744	2782	3770	4445	3727	3963	4418	3010	5271	3261	2942	4405	2382	4253	3020	3026	3607
3940	2823	2248	4193	3526	3593	3368	4863	4796	1196	5720	3982	2839	678	5475	4155	3458	2767	4072	5844	2802	3826	4461	3782	4014	4187	3096	5578	3285	2870	4481	2344	4229	3047	2964	3767
3894	2914	2164	4340	3714	3658	3396	4886	4876	1435	5804	3885	2854	788	5520	4067	3639	2882	4115	5945	2822	3881	4477	3837	4065	3955	3183	5885	3309	2798	4557	2306	4205	3075	2902	3927
3848	3005	2081	4487	3901	3722	3424	4908	4956	1674	5887	3787	2869	897	5565	3980	3821	2997	4157	6046	2842	3937	4493	3891	4116	3724	3269	6192	3333	2726	4634	2268	4182	3102	2841	4087
3803	3097	1997	4634	4089	3787	3452	4931	5036	1913	5970	3689	2884	1007	5610	3892	4002	3112	4200	6146	2863	3993	4509	3946	4167	3493	3356	6499	3357	2654	4710	2230	4158	3129	2779	4247
3864	3106	2033	4664	4030	3685	3489	4940	5052	2002	5986	3724	2921	1176	5631	3818	4027	3116	4186	6076	2887	3926	4430	4020	4186	3473	3412	6464	3375	2702	4583	2334	4112	3336	2807	3832
3925	3115	2069	4694	3971	3584	3527	4949	5068	2092	6001	3759	2958	1345	5652	3744	4052	3120	4172	6005	2912	3859	4350	4094	4205	3454	3468	6429	3393	2750	4457	2439	4066	3542	2836	3417
3986	3124	2104	4724	3912	3482	3564	4959	5084	2182	6017	3795	2995	1514	5673	3670	4077	3123	4158	5935	2937	3792	4271	4168	4224	3435	3525	6395	3411	2799	4330	2544	4019	3749	2864	3001
4048	3134	2140	4754	3853	3381	3602	4968	5100	2271	6032	3830	3032	1683	5694	3595	4102	3127	4144	5864	2962	3725	4191	4242	4243	3416	3581	6360	3429	2847	4204	2648	3973	3956	2893	2586
4109	3143	2176	4784	3793	3279	3639	4977	5116	2361	6048	3865	3069	1852	5714	3521	4127	3131	4130	5793	2986	3658	4112	4316	4262	3397	3637	6325	3447	2895	4077	2753	3926	4162	2922	2171
4170	3152	2211	4815	3734	3178	3676	4986	5132	2450	6064	3901	3106	2021	5735	3447	4151	3135	4116	5723	3011	3591	4032	4390	4281	3377	3693	6290	3465	2944	3950	2857	3880	4369	2950	1756
4231	3161	2247	4845	3675	3076	3714	4995	5148	2540	6079	3936	3143	2190	5756	3372	4176	3139	4102	5652	3036	3524	3953	4464	4300	3358	3749	6255	3483	2992	3824	2962	3833	4575	2979	1341
4244	3234	2291	4882	3675	3131	3678	5059	5130	2703	5962	3756	3026	2237	5259	3711	4150	3220	4046	5501	3121	3540	3914	4550	4399	3285	3642	6246	3485	2934	3797	3088	3730	4573	3047	1680
4256	3306	2335	4920	3675	3186	3642	5122	5112	2866	5844	3577	2909	2285	4762	4050	4123	3301	3990	5350	3206	3556	3876	4636	4498	3212	3534	6236	3487	2876	3770	3214	3627	4571	3115	2018
4269	3379	2379	4958	3675	3241	3606	5185	5094	3029	5726	3397	2793	2332	4265	4389	4096	3381	3934	5198	3290	3573	3838	4722	4597	3139	3426	6227	3489	2818	3743	3340	3524	4568	3183	2356
4281	3451	2423	4995	3675	3295	3570	5248	5075	3192	5609	3218	2676	2380	3767	4728	4070	3462	3879	5047	3375	3589	3799	4807	4696	3066	3318	6217	3491	2759	3716	3466	3420	4566	3250	2695
4294	3524	2467	5033	3675	3350	3534	5312	5057	3355	5491	3038	2560	2427	3270	5067	4043	3543	3823	4896	3460	3605	3761	4893	4795	2993	3210	6208	3493	2701	3689	3592	3317	4564	3318	3033
4307	3596	2511	5071	3675	3405	3498	5375	5039	3518	5374	2859	2443	2475	2773	5406	4016	3623	3767	4745	3545	3622	3723	4979	4893	2920	3102	6198	3495	2643	3662	3719	3214	4561	3386	3372
4319	3668	2555	5108	3675	3459	3462	5438	5021	3681	5256	2679	2327	2523	2276	5745	3990	3704	3711	4593	3630	3638	3684	5065	4992	2847	2995	6188	3497	2585	3635	3845	3110	4559	3454	3710
4334	3706	2615	5156	3745	3438	3458	5513	5059	3747	5323	2672	2441	2544	2844	5662	3908	3737	3544	4598	3770	3674	3587	5115	4977	2992	2971	6088	3479	2366	3637	3907	3222	4511	3461	3717
4349	3743	2675	5203	3816	3416	3453	5587	5096	3812	5390	2664	2556	2565	3413	5579	3827	3770	3378	4603	3911	3709	3489	5166	4961	3137	2947	5988	3461	2146	3639	3969	3333	4464	3468	3723
4364	3780	2734	5250	3886	3395	3449	5662	5134	3878	5457	2656	2670	2587	3982	5497	3745	3803	3211	4608	4051	3745	3391	5217	4945	3283	2923	5888	3443	1927	3640	4031	3445	4416	3474	3730
4380	3817	2794	5298	3956	3373	3445	5736	5171	3944	5524	2648	2785	2608	4551	5414	3664	3836	3045	4613	4192	3780	3293	5268	4929	3428	2899	5788	3425	1707	3642	4093	3556	4369	3481	3736
4395	3855	2853	5345	4026	3352	3440	5811	5209	4010	5591	2641	2899	2630	5119	5331	3582	3869	2878	4618	4332	3816	3195	5318	4913	3573	2876	5688	3407	1488	3644	4155	3668	4322	3488	3743
4410	3892	2913	5392	4096	3330	3436	5885	5247	4076	5658	2633	3013	2651	5688	5248	3501	3902	2712	4623	4473	3851	3097	5369	4897	3718	2852	5588	3389	1268	3646	4218	3779	4274	3495	3750
4425	3929	2973	5439	4166	3309	3431	5960	5284	4142	5725	2625	3128	2673	6257	5165	3419	3935	2546	4628	4613	3887	2999	5420	4882	3863	2828	5488	3372	1049	3647	4280	3890	4227	3501	3756
4416	3964	2975	5204	4123	3302	3387	5974	5256	4143	5698	2781	3133	2648	6056	5297	3449	3893	2710	4670	4454	3762	3173	5378	4942	3801	2909	5293	3118	909	3563	4301	3946	4208	3615	3613
4408	3999	2977	4969	4080	3296	3343	5989	5227	4145	5670	2937	3138	2624	5854	5428	3479	3851	2874	4712	4294	3638	3348	5335	5003	3739	2989	5098	2863	769	3478	4322	4002	4190	3728	3469
4399	4033	2979	4734	4037	3289	3298	6003	5199	4147	5643	3093	3144	2600	5653	5559	3510	3809	3039	4755	4134	3513	3522	5293	5063	3677	3070	4903	2609	629	3394	4343	4057	4171	3841	3326
4391	4068	2982	4499	3993	3283	3254	6018	5171	4149	5615	3249	3149	2576	5452	5691	3540	3767	3203	4797	3974	3388	3696	5251	5123	3616	3151	4708	2355	489	3309	4364	4113	4152	3954	3182
4382	4103	2984	4264	3950	3276	3209	6033	5142	4150	5588	3405	3154	2552	5251	5822	3570	3725	3368	4839	3814	3263	3870	5208	5184	3554	3232	4513	2101	349	3225	4386	4169	4134	4068	3039
4374	4137	2986	4029	3907	3270	3165	6047	5114	4152	5560	3560	3160	2528	5050	5954	3600	3683	3532	4881	3654	3138	4044	5166	5244	3492	3312	4317	1847	209	3140	4407	4224	4115	4181	2895
4365	4172	2989	3794	3864	3263	3120	6062	5085	4154	5533	3716	3165	2504	4849	6085	3630	3641	3696	4923	3495	3014	4218	5124	5305	3430	3393	4122	1593	69	3055	4428	4280	4097	4294	2752
4429	4185	3088	3578	3958	3141	3077	6068	5076	4459	5571	3847	3179	2501	4782	5941	3663	3633	3674	5010	3380	3004	4143	5007	5259	3253	3470	4124	1804	217	3107	4481	4267	3863	4269	2725
4493	4199	3188	3362	4053	3018	3034	6075	5067	4763	5609	3979	3192	2499	4716	5797	3697	3626	3652	5096	3265	2995	4068	4891	5213	3076	3546	4126	2015	365	3158	4534	4254	3630	4244	2698
4557	4212	3287	3146	4147	2895	2992	6082	5058	5068	5648	4110	3206	2497	4649	5653	3731	3618	3630	5182	3151	2986	3993	4775	5167	2898	3623	4128	2226	512	3209	4588	4242	3396	4219	2671
4621	4226	3387	2930	4241	2773	2949	6088	5049	5373	5686	4241	3220	2495	4583	5510	3764	3611	3608	5269	3036	2977	3919	4659	5121	2721	3699	4130	2438	660	3260	4641	4229	3163	4195	2644
4685	4240	3486	2714	4335	2650	2906	6095	5040	5678	5724	4372	3234	2493	4516	5366	3798	3603	3586	5355	2921	2967	3844	4542	5074	2544	3776	4132	2649	807	3312	4694	4216	2929	4170	2618
4748	4253	3586	2498	4430	2527	2863	6101	5031	5982	5762	4503	3247	2491	4450	5222	3832	3595	3564	5441	2807	2958	3769	4426	5028	2367	3852	4134	2860	955	3363	4747	4204	2696	4145	2591
4812	4267	3685	2282	4524	2405	2820	6108	5022	6287	5800	4634	3261	2489	4383	5078	3866	3588	3542	5528	2692	2949	3694	4310	4982	2190	3929	4136	3071	1103	3414	4800	4191	2462	4120	2564
4812	4098	3700	2465	4470	2401	2929	5868	4974	6191	5795	4492	3243	2547	4444	5071	3834	3605	3540	5311	2829	3057	3864	4106	4782	2112	3820	4184	2662	1154	3356	4675	4128	2555	4031	2687
4812	3930	3715	2649	4416	2397	3039	5628	4926	6095	5789	4349	3225	2604	4505	5063	3802	3622	3537	5093	2966	3165	4035	3902	4582	2035	3711	4232	2254	1204	3297	4550	4065	2647	3942	2809
4812	3761	3730	2832	4363	2393	3149	5388	4878	5999	5783	4206	3208	2662	4565	5056	3770	3638	3535	4876	3103	3273	4205	3698	4382	1957	3602	4280	1846	1255	3239	4425	4002	2740	3853	2932
4812	3593	3745	3016	4309	2389	3258	5148	4829	5903	5778	4064	3190	2720	4626	5049	3739	3655	3532	4659	3240	3381	4375	3494	4182	1879	3493	4328	1437	1306	3181	4300	3939	2832	3765	3055
4812	3424	3761	3199	4255	2385	3368	4908	4781	5806	5772	3921	3172	2778	4687	5042	3707	3672	3530	4441	3377	3490	4545	3290	3982	1802	3383	4376	1029	1357	3122	4174	3876	2924	3676	3177
4812	3256	3776	3383	4201	2381	3478	4668	4733	5710	5767	3778	3154	2836	4748	5034	3675	3689	3527	4224	3515	3598	4716	3086	3781	1724	3274	4425	620	1408	3064	4049	3814	3017	3587	3300
4812	3087	3791	3566	4148	2377	3587	4428	4685	5614	5761	3636	3136	2894	4808	5027	3643	3706	3525	4007	3652	3706	4886	2882	3581	1647	3165	4473	212	1459	3005	3924	3751	3109	3498	3423
4769	3264	3780	3597	4193	2401	3628	4426	4562	5489	5567	3401	3157	2911	4422	5057	3704	3608	3522	3986	3860	3641	4703	2928	3814	1767	2989	4482	342	1419	2952	3947	3665	3085	3603	3395
4726	3442	3770	3628	4237	2424	3669	4425	4439	5363	5372	3167	3177	2928	4036	5086	3765	3510	3519	3966	4068	3576	4521	2975	4047	1887	2812	4492	473	1379	2899	3969	3580	3060	3709	3368
4683	3619	3760	3659	4282	2448	3710	4423	4316	5238	5178	2932	3197	2945	3650	5116	3826	3413	3517	3945	4276	3511	4338	3022	4280	2007	2636	4501	603	1339	2846	3992	3495	3035	3814	3340
4640	3796	3750	3691	4327	2471	3751	4422	4193	5112	4983	2698	3218	2962	3263	5146	3888	3315	3514	3925	4484	3446	4156	3069	4513	2127	2459	4510	734	1299	2793	4014	3410	3011	3919	3313
4597	3974	3740	3722	4372	2495	3792	4420	4070	4987	4789	2463	3238	2979	2877	5176	3949	3217	3511	3905	4692	3381	3973	3116	4745	2247	2282	4520	864	1259	2739	4037	3325	2986	4025	3285
4554	4151	3729	3753	4417	2518	3833	4418	3947	4862	4594	2229	3259	2996	2491	5205	4010	3119	3509	3884	4900	3316	3791	3162	4978	2367	2106	4529	995	1219	2686	4059	3240	2961	4130	3258
4511	4328	3719	3784	4462	2541	3874	4417	3824	4736	4400	1994	3279	3013	2104	5235	4071	3022	3506	3864	5108	3251	3608	3209	5211	2487	1929	4539	1125	1179	2633	4082	3154	2937	4235	3230
4324	4382	3748	3791	4175	2666	3859	4509	3687	4639	4375	2010	3212	3019	2343	5219	3961	2934	3585	3967	4885	3180	3394	3324	5061	2457	1899	4537	1154	1205	2753	3953	2956	2960	4201	3271
4137	4436	3776	3799	3889	2790	3843	4601	3551	4542	4350	2025	3145	3024	2582	5203	3852	2846	3663	4071	4661	3110	3180	3439	4911	2427	1868	4535	1182	1232	2874	3824	2757	2984	4166	3312
3949	4490	3804	3806	3603	2915	3828	4693	3415	4445	4325	2041	3077	3029	2821	5187	3743	2759	3742	4174	4438	3040	2967	3554	4761	2397	1837	4533	1211	1259	2994	3695	2559	3007	4132	3353
3762	4544	3833	3814	3317	3039	3812	4785	3279	4348	4301	2056	3010	3035	3060	5171	3634	2671	3821	4278	4215	2970	2753	3669	4611	2366	1807	4531	1239	1285	3115	3566	2360	3031	4097	3393
3574	4598	3861	3821	3031	3164	3797	4878	3143	4250	4276	2072	2943	3040	3299	5155	3525	2583	3899	4382	3991	2900	2539	3784	4461	2336	1776	4529	1268	1312	3235	3437	2162	3055	4063	3434
3387	4651	3890	3829	2745	3288	3781	4970	3007	4153	4251	2087	2876	3046	3538	5138	3415	2496	3978	4485	3768	2829	2325	3899	4311	2306	1745	4527	1296	1338	3355	3308	1963	3078	4029	3475
3200	4705	3918	3836	2459	3413	3766	5062	2870	4056	4226	2103	2808	3051	3777	5122	3306	2408	4056	4589	3544	2759	2111	4014	4161	2276	1715	4525	1325	1365	3476	3179	1764	3102	3994	3516
3068	4696	3940	3815	2684	3385	3725	5212	2913	3967	4217	1999	2872	3064	3616	4946	3199	2459	4001	4541	3459	2712	2166	3713	4211	2351	1686	4475	1443	1305	3386	3152	1740	2990	4055	3485
2936	4687	3962	3794	2909	3357	3683	5363	2956	3877	4208	1896	2935	3076	3454	4770	3091	2510	3947	4494	3374	2665	2222	3412	4262	2425	1657	4425	1561	1245	3296	3125	1715	2878	4115	3454
2805	4678	3984	3772	3133	3329	3642	5514	2998	3788	4199	1793	2998	3088	3293	4594	2984	2561	3892	4446	3289	2618	2277	3111	4312	2500	1628	4375	1680	1185	3207	3099	1691	2767	4175	3424
2673	4669	4006	3751	3358	3301	3601	5664	3041	3699	4190	1689	3062	3101	3132	4417	2876	2612	3837	4399	3204	2570	2332	2810	4362	2574	1599	4326	1798	1126	3117	3072	1666	2655	4236	3393
2542	4660	4028	3730	3583	3273	3560	5815	3084	3609	4181	1586	3125	3113	2970	4241	2769	2662	3782	4351	3119	2523	2387	2509	4412	2649	1570	4276	1917	1066	3027	3045	1641	2544	4296	3362
2410	4650	4050	3708	3808	3246	3519	5966	3127	3520	4172	1482	3189	3126	2809	4065	2661	2713	3727	4303	3034	2476	2442	2208	4462	2723	1541	4226	2035	1006	2938	3019	1617	2432	4356	3332
2278	4641	4071	3687	4033	3218	3478	6117	3169	3431	4163	1379	3252	3138	2648	3888	2553	2764	3672	4256	2949	2429	2497	1907	4512	2798	1512	4176	2154	946	2848	2992	1592	2320	4417	3301
2385	4614	4049	3628	3980	3223	3375	5844	3068	3359	3977	1565	3208	2910	2939	3867	2461	2805	3524	4164	2966	2412	2487	2184	4354	2978	1537	4009	2021	899	2723	3087	1624	2259	4368	3033
2492	4586	4026	3568	3927	3228	3273	5571	2967	3287	3792	1750	3165	2682	3231	3846	2368	2846	3377	4073	2982	2396	2478	2462	4195	3158	1562	3843	1889	853	2598	3183	1655	2199	4320	2765
2599	4559	4003	3509	3874	3233	3171	5298	2866	3216	3606	1936	3121	2454	3523	3825	2276	2886	3229	3982	2998	2379	2468	2740	4037	3339	1587	3676	1756	806	2472	3278	1687	2138	4271	2497
2705	4531	3980	3450	3821	3238	3068	5025	2765	3144	3421	2122	3078	2226	3815	3804	2183	2927	3081	3890	3014	2362	2458	3018	3878	3519	1613	3509	1624	759	2347	3373	1718	2077	4223	2228
2812	4504	3958	3390	3768	3243	2966	4752	2664	3072	3235	2307	3034	1998	4107	3783	2091	2968	2933	3799	3031	2346	2448	3295	3719	3699	1638	3343	1491	712	2222	3469	1750	2016	4174	1960
2919	4476	3935	3331	3715	3247	2864	4480	2563	3001	3050	2493	2991	1769	4399	3761	1998	3009	2785	3707	3047	2329	2438	3573	3561	3879	1663	3176	1358	665	2097	3564	1781	1955	4126	1692
3025	4449	3912	3271	3662	3252	2761	4207	2461	2929	2864	2678	2947	1541	4691	3740	1906	3050	2638	3616	3063	2313	2428	3851	3402	4060	1688	3010	1226	619	1972	3659	1813	1894	4077	1424
3079	4380	3511	3297	3549	3149	2781	4202	2393	2811	2885	2691	2774	1667	4732	3755	1720	3069	2503	3527	3032	2195	2547	3887	3381	3993	1655	2979	1276	568	2189	3339	1756	1863	3914	1347
3133	4311	3110	3323	3435	3046	2800	4197	2325	2692	2905	2704	2601	1794	4772	3769	1534	3088	2369	3437	3000	2077	2665	3923	3359	3926	1622	2949	1327	518	2406	3018	1700	1832	3751	1269
3186	4242	2710	3349	3322	2943	2820	4192	2257	2574	2926	2716	2428	1920	4812	3784	1349	3108	2234	3348	2969	1959	2784	3958	3338	3859	1589	2919	1377	468	2623	2697	1643	1801	3588	1192
3240	4173	2309	3374	3209	2839	2839	4187	2188	2455	2946	2729	2255	2046	4853	3798	1163	3127	2100	3259	2938	1841	2902	3994	3316	3791	1556	2889	1428	418	2840	2376	1587	1770	3425	1115
3294	4104	1908	3400	3095	2736	2859	4182	2120	2337	2967	2742	2082	2172	4893	3813	977	3146	1965	3170	2907	1723	3021	4030	3295	3724	1522	2859	1478	368	3057	2055	1530	1739	3262	1037
3347	4035	1507	3426	2982	2633	2878	4177	2052	2218	2987	2754	1909	2299	4933	3827	791	3166	1831	3081	2875	1605	3140	4066	3273	3657	1489	2829	1529	317	3274	1735	1474	1708	3099	960
3401	3966	1106	3452	2868	2530	2898	4173	1984	2100	3008	2767	1736	2425	4974	3842	605	3185	1696	2992	2844	1487	3258	4102	3252	3590	1456	2799	1579	267	3491	1414	1417	1676	2936	883
3399	3772	1086	3396	2672	2516	2867	4063	1918	2037	3105	2657	1604	2497	4931	3708	653	3127	1773	3063	2853	1629	3170	3920	3284	3411	1550	2795	1468	271	3514	1396	1236	1638	2651	907
3398	3578	1065	3341	2475	2501	2835	3953	1852	1975	3202	2547	1471	2569	4888	3574	700	3069	1850	3134	2863	1771	3082	3738	3316	3231	1644	2791	1358	275	3537	1379	1056	1599	2365	931
3396	3384	1045	3286	2278	2487	2804	3843	1786	1912	3299	2437	1339	2641	4845	3441	747	3010	1927	3205	2872	1914	2994	3556	3347	3052	1738	2788	1247	279	3560	1361	875	1561	2080	955
3395	3190	1025	3231	2081	2473	2773	3733	1721	1850	3396	2327	1206	2713	4801	3307	794	2952	2004	3276	2882	2056	2906	3374	3379	2872	1833	2784	1137	283	3583	1344	694	1522	1794	979
3393	2996	1004	3175	1885	2459	2741	3623	1655	1787	3493	2217	1074	2785	4758	3174	841	2894	2081	3347	2891	2198	2818	3192	3411	2693	1927	2781	1026	287	3606	1326	513	1484	1509	1003
3391	2803	984	3120	1688	2445	2710	3513	1589	1725	3590	2107	941	2857	4715	3040	889	2836	2158	3418	2900	2340	2730	3010	3443	2513	2021	2777	915	291	3629	1309	332	1445	1223	1027
3390	2609	963	3065	1491	2430	2679	3403	1524	1662	3687	1997	809	2929	4672	2906	936	2777	2235	3489	2910	2483	2642	2829	3474	2334	2115	2773	805	295	3652	1291	151	1406	938	1051
3327	2555	1155	3024	1616	2396	2651	3384	1380	1691	3678	2094	830	2912	4488	2894	1161	2658	2070	3300	2671	2468	2438	2927	3795	2209	2133	2803	723	333	3573	1461	164	1368	938	1101
3264	2501	1347	2984	1741	2362	2624	3364	1236	1720	3670	2190	852	2896	4303	2881	1386	2539	1904	3111	2433	2454	2235	3025	4115	2084	2150	2832	641	371	3494	1631	177	1330	939	1150
3201	2447	1539	2943	1866	2328	2596	3345	1092	1749	3662	2287	874	2879	4119	2869	1611	2419	1738	2922	2195	2439	2031	3123	4436	1959	2168	2861	559	409	3415	1801	189	1293	940	1200
3139	2393	1731	2903	1991	2294	2568	3326	947	1778	3654	2383	896	2862	3934	2856	1836	2300	1573	2733	1956	2425	1828	3221	4757	1834	2185	2891	477	447	3336	1972	202	1255	940	1250
3076	2339	1923	2862	2116	2260	2541	3306	803	1807	3645	2480	917	2845	3749	2844	2061	2181	1407	2545	1718	2410	1624	3319	5077	1709	2203	2920	396	485	3258	2142	214	1217	941	1299
3013	2285	2115	2822	2241	2226	2513	3287	659	1835	3637	2576	939	2828	3565	2831	2286	2062	1241	2356	1479	2396	1421	3417	5398	1584	2220	2949	314	523	3179	2312	227	1179	941	1349
2950	2231	2307	2782	2366	2192	2486	3268	515	1864	3629	2673	961	2811	3380	2818	2511	1942	1076	2167	1241	2381	1218	3516	5718	1459	2238	2978	232	561	3100	2482	239	1141	942	1398
2867	2373	2437	2830	2359	2071	2254	3239	552	1670	3581	2664	1136	2688	3169	2804	2574	1746	1208	2045	1287	2236	1175	3348	5481	1394	2021	2869	549	653	2727	2511	375	1199	1070	1390
2783	2514	2567	2878	2351	1951	2022	3211	588	1475	3534	2656	1311	2565	2958	2791	2636	1549	1341	1923	1333	2091	1132	3181	5244	1329	1803	2759	866	744	2354	2540	510	1257	1199	1381
2699	2656	2696	2926	2344	1830	1790	3182	625	1280	3486	2648	1486	2442	2748	2777	2699	1353	1473	1801	1378	1946	1089	3014	5007	1265	1586	2650	1182	836	1981	2569	645	1315	1327	1373
2615	2798	2826	2974	2337	1709	1558	3154	661	1085	3439	2640	1662	2319	2537	2763	2762	1156	1606	1679	1424	1801	1047	2846	4769	1200	1368	2541	1499	927	1608	2598	780	1374	1455	1364
2532	2939	2956	3022	2329	1588	1326	3125	697	891	3391	2631	1837	2196	2326	2749	2825	960	1738	1557	1470	1655	1004	2679	4532	1135	1151	2431	1816	1019	1235	2628	915	1432	1584	1356
2448	3081	3085	3071	2322	1468	1094	3096	734	696	3344	2623	2012	2073	2115	2735	2888	763	1871	1435	1516	1510	961	2512	4295	1070	933	2322	2133	1110	862	2657	1051	1490	1712	1347
2364	3223	3215	3119	2315	1347	862	3068	770	501	3297	2615	2187	1951	1904	2721	2951	567	2003	1313	1562	1365	918	2345	4058	1005	716	2212	2450	1201	489	2686	1186	1548	1841	1339
2406	3165	3010	2922	2278	1332	863	3135	769	646	3267	2737	2121	1908	2148	2479	3069	562	2002	1358	1454	1381	977	2244	3954	1109	617	2103	2287	1179	489	2701	1147	1558	1758	1188
2448	3108	2806	2725	2242	1316	863	3203	767	791	3238	2859	2054	1866	2393	2236	3188	557	2001	1404	1347	1396	1036	2143	3850	1213	519	1995	2124	1157	488	2716	1108	1567	1675	1038
2490	3050	2601	2529	2206	1301	864	3270	766	937	3209	2982	1988	1824	2637	1994	3307	552	2000	1450	1240	1412	1095	2042	3746	1317	420	1886	1961	1135	488	2731	1070	1576	1592	887
2532	2992	2396	2332	2169	1285	864	3337	765	1082	3180	3104	1921	1782	2882	1752	3426	547	1999	1496	1133	1428	1154	1941	3642	1420	322	1777	1798	1112	487	2746	1031	1585	1509	736
2574	2935	2192	2135	2133	1270	865	3405	764	1227	3151	3226	1855	1740	3126	1510	3544	542	1997	1542	1025	1443	1213	1840	3538	1524	223	1668	1635	1090	487	2761	992	1594	1426	586
2616	2877	1987	1939	2096	1255	866	3472	762	1372	3122	3348	1788	1698	3370	1268	3663	537	1996	1588	918	1459	1272	1739	3434	1628	125	1559	1472	1068	486	2776	953	1604	1343	435
2658	2820	1783	1742	2060	1239	866	3540	761	1517	3093	3471	1722	1656	3615	1025	3782	532	1995	1634	811	1475	1331	1638	3330	1732	26	1451	1309	1046	486	2791	915	1613	1260	284
2657	2737	1795	1699	2034	1137	869	3392	885	1613	3031	3436	1781	1732	3563	1212	3803	591	1907	1747	856	1449	1653	1761	3245	1767	47	1513	1383	945	636	2930	818	1396	1196	315
2656	2655	1806	1655	2008	1035	872	3244	1009	1710	2969	3402	1840	1809	3511	1399	3824	651	1818	1860	901	1424	1974	1884	3161	1802	67	1575	1456	844	787	3069	722	1179	1133	346
2655	2572	1818	1612	1982	932	875	3095	1133	1806	2907	3368	1899	1886	3460	1585	3845	710	1730	1973	945	1399	2296	2006	3076	1837	87	1636	1530	744	938	3208	625	962	1070	377
2653	2490	1830	1568	1956	830	879	2947	1257	1903	2845	3333	1958	1962	3408	1772	3867	770	1641	2085	990	1374	2618	2129	2992	1872	108	1698	1604	643	1088	3347	529	745	1007	408
2652	2408	1842	1525	1930	728	882	2799	1381	2000	2783	3299	2017	2039	3356	1959	3888	829	1553	2198	1035	1348	2939	2251	2908	1907	128	1760	1677	542	1239	3486	432	528	944	440
2651	2325	1854	1482	1904	626	885	2651	1506	2096	2721	3265	2076	2116	3305	2145	3909	889	1464	2311	1080	1323	3261	2374	2823	1942	149	1822	1751	442	1389	3625	336	311	880	471
2649	2243	1866	1438	1878	523	888	2503	1630	2193	2659	3230	2135	2192	3253	2332	3930	948	1376	2424	1125	1298	3582	2497	2739	1977	169	1884	1825	341	1540	3764	239	94	817	502
2707	2103	1853	1435	1704	590	939	2438	1636	2047	2506	3063	2141	2180	3394	2197	3903	1010	1436	2356	1113	1303	3399	2462	2668	2001	174	1923	1750	334	1373	3535	239	170	806	623
2764	1963	1840	1432	1530	657	990	2373	1643	1902	2353	2895	2146	2167	3534	2061	3876	1072	1497	2288	1101	1308	3216	2427	2597	2026	179	1962	1676	326	1205	3306	239	245	796	745
2821	1823	1827	1429	1356	724	1041	2307	1649	1756	2200	2727	2151	2155	3675	1926	3849	1134	1557	2220	1089	1314	3033	2392	2527	2050	184	2001	1602	319	1038	3077	239	321	785	866
2878	1683	1814	1426	1182	790	1092	2242	1656	1611	2047	2559	2156	2142	3815	1790	3822	1195	1617	2153	1078	1319	2850	2358	2456	2074	190	2040	1527	311	870	2848	239	396	775	988
2936	1543	1801	1423	1009	857	1143	2177	1662	1465	1894	2391	2162	2129	3956	1655	3795	1257	1678	2085	1066	1324	2666	2323	2385	2098	195	2079	1453	304	703	2619	239	472	764	1109
2993	1403	1788	1420	835	924	1194	2111	1669	1319	1742	2223	2167	2117	4096	1520	3768	1319	1738	2017	1054	1329	2483	2288	2315	2122	200	2118	1379	296	536	2390	239	547	753	1231
3050	1263	1775	1417	661	991	1245	2046	1675	1174	1589	2056	2172	2104	4237	1384	3741	1381	1799	1949	1042	1334	2300	2253	2244	2146	205	2157	1304	289	368	2161	239	623	743	1352
3202	1316	1630	1364	778	1073	1302	1974	1590	1143	1673	2041	2117	2079	4297	1394	3817	1299	1773	1927	893	1327	2327	2125	2075	2271	210	2018	1252	356	418	1990	296	676	658	1298
3353	1369	1485	1312	895	1155	1360	1901	1504	1112	1757	2027	2062	2054	4356	1404	3893	1217	1746	1905	744	1320	2355	1997	1906	2395	215	1879	1199	423	468	1818	352	729	573	1243
3505	1422	1340	1260	1012	1237	1418	1829	1419	1081	1842	2012	2007	2028	4416	1415	3969	1135	1720	1883	595	1312	2382	1869	1737	2520	220	1740	1146	491	518	1647	409	782	488	1189
3656	1475	1195	1208	1129	1319	1475	1757	1333	1051	1926	1997	1952	2003	4475	1425	4045	1053	1694	1861	446	1305	2409	1742	1568	2644	225	1601	1093	558	568	1475	465	835	402	1134
3808	1528	1051	1156	1246	1401	1533	1684	1248	1020	2011	1983	1897	1978	4535	1435	4121	971	1668	1838	298	1298	2436	1614	1399	2769	229	1462	1041	625	618	1304	522	889	317	1079
3959	1581	906	1104	1363	1483	1590	1612	1163	989	2095	1968	1842	1953	4594	1445	4197	889	1642	1816	149	1290	2464	1486	1229	2893	234	1323	988	693	668	1133	579	942	232	1025
4111	1634	761	1051	1480	1565	1648	1540	1077	958	2179	1954	1786	1927	4654	1455	4273	808	1616	1794	0	1283	2491	1358	1060	3018	239	1184	935	760	718	961	635	995	147	970
3928	1613	799	1014	1468	1568	1617	1525	1133	1339	2006	2001	1745	1759	4376	1459	4847	826	1473	1663	34	1273	2405	1331	980	2767	280	1231	922	803	717	1103	579	998	131	930
3746	1591	837	976	1456	1572	1585	1509	1189	1719	1832	2049	1704	1590	4099	1463	5420	844	1331	1532	68	1263	2320	1303	899	2516	320	1278	908	846	715	1245	522	1002	116	890
3564	1570	875	939	1444	1575	1554	1494	1246	2100	1659	2096	1663	1422	3822	1467	5993	862	1188	1401	102	1253	2234	1276	819	2265	360	1325	895	889	714	1387	465	1005	100	851
3381	1548	913	902	1432	1579	1522	1479	1302	2480	1486	2144	1622	1253	3545	1472	6567	880	1045	1270	137	1243	2148	1249	738	2013	400	1373	881	932	713	1529	409	1008	84	811
3199	1527	951	864	1420	1582	1491	1464	1358	2861	1312	2191	1581	1085	3267	1476	7140	898	902	1139	171	1234	2063	1222	658	1762	440	1420	868	976	712	1670	352	1012	69	771
3016	1506	989	827	1408	1586	1459	1449	1414	3241	1139	2238	1540	916	2990	1480	7714	916	759	1008	205	1224	1977	1194	577	1511	480	1467	854	1019	711	1812	296	1015	53	731
2834	1484	1027	789	1397	1589	1428	1434	1470	3622	965	2286	1499	747	2713	1484	8287	934	616	877	239	1214	1891	1167	497	1260	520	1514	841	1062	709	1954	239	1018	38	691
2691	1471	1154	703	1404	1554	1406	1439	1695	3733	879	2146	1524	715	2780	1697	8006	965	585	897	239	1221	1859	1135	474	1088	480	1392	760	1056	720	1879	335	992	75	811
2548	1458	1281	617	1411	1520	1384	1443	1920	3844	793	2006	1548	683	2847	1910	7724	996	554	916	239	1229	1826	1104	452	916	440	1270	680	1051	730	1803	430	966	113	932
2406	1445	1409	531	1419	1485	1362	1448	2145	3955	707	1866	1573	651	2914	2123	7443	1026	523	935	239	1236	1794	1072	430	743	400	1148	599	1045	741	1728	525	939	151	1052
2263	1432	1536	445	1426	1450	1340	1453	2370	4066	621	1727	1598	618	2982	2336	7162	1057	491	955	239	1244	1761	1040	407	571	360	1026	519	1040	751	1653	620	913	189	1172
2120	1419	1663	359	1434	1415	1319	1458	2595	4176	535	1587	1622	586	3049	2549	6881	1088	460	974	239	1251	1729	1008	385	399	320	904	438	1034	762	1577	716	886	226	1293
1977	1406	1790	274	1441	1381	1297	1463	2820	4287	448	1447	1647	554	3116	2761	6599	1119	429	993	239	1259	1696	976	362	227	280	782	358	1029	772	1502	811	860	264	1413
1834	1393	1917	188	1448	1346	1275	1467	3045	4398	362	1307	1672	522	3184	2974	6318	1150	398	1012	239	1266	1664	945	340	55	239	660	277	1023	783	1427	906	833	302	1534
1774	1360	1905	195	1341	1334	1323	1590	2768	4632	543	1177	1604	482	3528	3025	6469	1169	375	1047	412	1280	1575	908	403	249	239	600	335	1008	772	1623	1013	803	302	1381
1714	1328	1893	202	1233	1321	1372	1713	2491	4865	724	1047	1536	441	3873	3076	6620	1187	352	1081	584	1293	1486	872	466	443	239	540	392	992	761	1819	1121	773	303	1228
1654	1295	1880	210	1126	1309	1420	1836	2214	5099	905	917	1468	401	4218	3127	6771	1206	330	1115	756	1306	1397	836	529	637	239	480	450	976	750	2014	1228	743	303	1075
1594	1263	1868	217	1018	1297	1469	1959	1937	5332	1086	788	1399	361	4562	3178	6922	1225	307	1149	928	1320	1308	799	592	831	239	420	507	961	740	2210	1335	712	303	921
1534	1230	1856	225	910	1284	1517	2082	1660	5566	1267	658	1331	321	4907	3229	7073	1243	285	1183	1100	1333	1219	763	655	1026	239	360	565	945	729	2406	1443	682	304	768
1474	1198	1844	232	803	1272	1566	2205	1383	5799	1447	528	1263	281	5252	3280	7224	1262	262	1217	1273	1347	1130	727	718	1220	239	299	622	929	718	2602	1550	652	304	615
1414	1165	1832	239	695	1259	1615	2328	1106	6033	1628	398	1195	241	5596	3330	7375	1280	239	1251	1445	1360	1041	691	782	1414	239	239	679	914	707	2798	1658	621	304	462
1293	1036	1863	239	703	1199	1498	2220	1081	5892	1804	475	1218	299	5258	3241	7174	1208	239	1292	1273	1251	916	754	853	1547	229	208	661	902	741	2880	1538	625	277	435
1172	906	1893	239	712	1138	1382	2112	1057	5752	1980	552	1241	358	4920	3151	6974	1137	239	1332	1100	1143	791	817	924	1680	219	177	643	891	776	2962	1419	629	250	409
1052	776	1924	239	720	1077	1265	2003	1032	5611	2156	629	1263	416	4582	3061	6774	1065	239	1373	928	1034	666	881	996	1813	209	146	624	880	810	3044	1299	633	223	382
931	646	1955	239	728	1016	1149	1895	1007	5470	2333	706	1286	474	4244	2971	6574	993	239	1413	756	925	541	944	1067	1946	199	115	606	869	844	3126	1180	637	195	355
810	516	1986	239	736	955	1033	1787	982	5330	2509	783	1309	533	3906	2882	6373	921	239	1454	584	817	416	1008	1138	2079	188	83	588	858	878	3208	1061	641	168	328
689	386	2017	239	744	894	916	1679	958	5189	2685	860	1331	591	3567	2792	6173	849	239	1495	412	708	291	1071	1210	2212	178	52	569	846	913	3290	941	645	141	301
568	256	2048	239	752	833	800	1570	933	5048	2861	937	1354	650	3229	2702	5973	777	239	1535	239	599	166	1135	1281	2345	168	21	551	835	947	3372	822	649	113	274
672	588	2087	239	836	922	780	1699	1246	4925	2824	930	1448	658	3210	2863	5820	696	315	1681	234	663	253	1121	1157	2149	188	23	691	819	964	3227	764	620	138	417
775	919	2127	239	920	1012	761	1827	1559	4801	2788	922	1542	667	3190	3024	5667	616	390	1826	228	727	340	1107	1033	1952	209	25	831	803	982	3082	706	591	163	559
878	1250	2166	239	1003	1101	741	1956	1871	4678	2751	915	1636	675	3171	3185	5514	535	466	1972	223	791	427	1093	909	1756	229	27	972	786	1000	2937	647	562	188	701
982	1581	2205	239	1087	1190	721	2084	2184	4555	2715	907	1731	684	3151	3346	5361	454	541	2118	217	855	514	1079	785	1559	250	29	1112	770	1017	2792	589	533	213	843
1085	1912	2244	239	1170	1280	702	2212	2497	4431	2678	900	1825	692	3132	3507	5208	374	617	2264	212	918	601	1065	661	1363	270	30	1252	754	1035	2647	531	504	238	985
1189	2243	2283	239	1254	1369	682	2341	2810	4308	2642	892	1919	701	3112	3668	5055	293	692	2409	206	982	688	1051	537	1167	290	32	1392	737	1053	2502	473	475	263	1127
1292	2575	2323	239	1337	1458	663	2469	3123	4184	2605	885	2013	709	3093	3829	4903	212	767	2555	201	1046	775	1037	413	970	311	34	1533	721	1070	2357	415	446	288	1269
1371	2433	2449	239	1357	1573	663	2447	3088	4122	2795	897	2036	744	3150	3890	4647	216	706	2700	430	1046	928	1059	437	1227	316	128	1492	690	1137	2282	390	503	298	1197
1450	2292	2575	239	1377	1688	663	2425	3053	4060	2984	908	2058	779	3207	3951	4391	220	644	2845	659	1046	1080	1081	461	1484	322	221	1451	658	1204	2208	365	560	309	1124
1530	2150	2702	239	1397	1802	664	2402	3018	3998	3174	920	2081	814	3264	4013	4136	224	583	2990	888	1046	1233	1103	485	1741	328	314	1410	627	1271	2133	340	618	319	1052
1609	2009	2828	239	1416	1917	664	2380	2983	3935	3363	932	2104	849	3321	4074	3880	228	521	3134	1117	1047	1386	1125	509	1998	333	408	1369	595	1338	2059	315	675	330	979
1688	1867	2955	239	1436	2032	664	2358	2948	3873	3553	944	2126	884	3377	4135	3625	232	459	3279	1345	1047	1538	1147	532	2255	339	501	1328	564	1405	1984	290	732	341	906
1767	1726	3081	239	1456	2147	665	2336	2913	3811	3742	955	2149	919	3434	4196	3369	235	398	3424	1574	1047	1691	1169	556	2512	344	594	1288	532	1472	1909	264	789	351	834
1846	1585	3207	239	1476	2261	665	2314	2878	3749	3932	967	2172	955	3491	4257	3114	239	336	3569	1803	1047	1844	1191	580	2769	350	688	1247	501	1539	1835	239	847	362	761
2239	1467	3140	239	1517	2319	796	2749	2808	3886	3945	863	2139	962	3485	4315	3042	239	295	3528	1929	1043	1830	1244	510	2884	444	817	1245	467	1415	1749	239	817	372	785
2633	1349	3073	239	1558	2377	927	3184	2738	4023	3958	759	2106	970	3478	4372	2971	239	254	3487	2054	1038	1816	1297	441	2999	538	947	1244	433	1290	1664	239	788	383	808
3026	1231	3006	239	1599	2435	1058	3620	2669	4160	3971	655	2073	977	3472	4430	2899	239	212	3447	2180	1034	1802	1349	371	3114	631	1076	1242	400	1165	1579	239	758	393	832
3420	1113	2938	239	1640	2493	1188	4055	2599	4297	3984	551	2040	985	3465	4487	2828	239	171	3406	2305	1029	1788	1402	301	3230	725	1206	1241	366	1040	1493	239	729	404	855
3813	995	2871	239	1681	2551	1319	4490	2529	4434	3997	447	2007	992	3459	4545	2756	239	130	3365	2431	1024	1774	1454	232	3345	819	1335	1239	332	915	1408	239	700	414	879
4206	878	2804	239	1722	2608	1450	4925	2460	4571	4010	343	1974	1000	3453	4602	2685	239	89	3324	2556	1020	1760	1507	162	3460	913	1465	1238	298	790	1322	239	670	425	902
4600	760	2737	239	1763	2666	1581	5361	2390	4708	4023	239	1942	1007	3446	4660	2613	239	47	3284	2682	1015	1746	1559	93	3575	1006	1595	1236	265	665	1237	239	641	435	926
4780	966	3095	239	1705	2756	1784	5380	2758	6020	4027	813	1971	926	3392	4753	2546	239	185	3224	2967	1012	1684	1476	156	3437	1083	1727	1267	262	635	1387	233	705	409	1028
4960	1172	3454	239	1648	2846	1986	5400	3126	7331	4031	1387	2000	846	3338	4847	2480	239	323	3164	3253	1008	1622	1393	219	3298	1159	1860	1298	260	605	1538	226	770	383	1130
5140	1378	3813	239	1590	2935	2189	5419	3494	8643	4035	1960	2029	765	3284	4940	2413	239	460	3104	3539	1004	1560	1310	283	3160	1236	1993	1329	258	575	1688	220	834	357	1232
5320	1584	4171	239	1533	3025	2391	5438	3863	9954	4039	2534	2058	684	3230	5034	2346	239	598	3045	3825	1001	1498	1226	346	3022	1312	2126	1360	255	545	1838	213	899	331	1334
5500	1790	4530	239	1475	3115	2594	5458	4231	11266	4042	3108	2087	604	3176	5127	2279	239	736	2985	4110	997	1436	1143	410	2884	1389	2259	1391	253	515	1989	207	963	305	1436
5681	1996	4888	239	1418	3205	2796	5477	4599	12577	4046	3681	2116	523	3122	5221	2212	239	873	2925	4396	993	1374	1060	473	2745	1465	2392	1422	250	485	2139	201	1028	279	1538
5861	2201	5247	239	1360	3294	2999	5497	4967	13889	4050	4255	2145	442	3068	5314	2146	239	1011	2865	4682	990	1312	977	536	2607	1542	2525	1453	248	456	2290	194	1092	253	1640
5861	2201	5247	239	1360	3294	2999	5497	4967	13889	4050	4255	2145	442	3068	5314	2146	239	1011	2865	4682	990	1312	977	536	2607	1542	2525	1453	248	456	2290	194	1092	253	1640
5861	2201	5247	239	1360	3294	2999	5497	4967	13889	4050	4255	2145	442	3068	5314	2146	239	1011	2865	4682	990	1312	977	536	2607	1542	2525	1453	248	456	2290	194	1092	253	1640
5861	2201	5247	239	1360	3294	2999	5497	4967	13889	4050	4255	2145	442	3068	5314	2146	239	1011	2865	4682	990	1312	977	536	2607	1542	2525	1453	248	456	2290	194	1092	253	1640
5861	2201	5247	239	1360	3294	2999	5497	4967	13889	4050	4255	2145	442	3068	5314	2146	239	1011	2865	4682	990	1312	977	536	2607	1542	2525	1453	248	456	2290	194	1092	253	1640
5861	2201	5247	239	1360	3294	2999	5497	4967	13889	4050	4255	2145	442	3068	5314	2146	239	1011	2865	4682	990	1312	977	536	2607	1542	2525	1453	248	456	2290	194	1092	253	1640
5861	2201	5247	239	1360	3294	2999	5497	4967	13889	4050	4255	2145	442	3068	5314	2146	239	1011	2865	4682	990	1312	977	536	2607	1542	2525	1453	248	456	2290	194	1092	253	1640
5861	2201	5247	239	1360	3294	2999	5497	4967	13889	4050	4255	2145	442	3068	5314	2146	239	1011	2865	4682	990	1312	977	536	2607	1542	2525	1453	248	456	2290	194	1092	253	1640
