0.617	0.674	0.719
0.614	0.673	0.718
0.611	0.671	0.716
0.609	0.670	0.714
0.607	0.669	0.712
0.604	0.667	0.710
0.601	0.666	0.709
0.596	0.665	0.708
0.592	0.662	0.707
0.587	0.659	0.705
0.582	0.656	0.704
0.577	0.654	0.702
0.572	0.651	0.700
0.566	0.648	0.698
0.560	0.646	0.695
0.553	0.637	0.693
0.546	0.629	0.690
0.539	0.621	0.686
0.533	0.613	0.682
0.528	0.605	0.678
0.522	0.596	0.673
0.517	0.588	0.667
0.512	0.581	0.661
0.508	0.573	0.655
0.503	0.565	0.648
0.499	0.558	0.642
0.494	0.550	0.634
0.490	0.543	0.627
0.487	0.535	0.619
0.483	0.533	0.611
0.478	0.530	0.605
0.473	0.527	0.599
0.469	0.524	0.592
0.465	0.522	0.586
0.461	0.519	0.580
0.457	0.516	0.574
0.453	0.511	0.569
0.450	0.507	0.563
0.447	0.502	0.557
0.443	0.497	0.552
0.440	0.492	0.547
0.437	0.487	0.542
0.433	0.482	0.539
0.429	0.478	0.535
0.426	0.474	0.532
0.422	0.470	0.528
0.419	0.466	0.524
0.416	0.462	0.520
0.413	0.458	0.516
0.410	0.454	0.512
0.407	0.451	0.507
0.404	0.449	0.503
0.401	0.446	0.499
0.399	0.444	0.495
0.396	0.441	0.491
0.393	0.439	0.487
0.390	0.436	0.483
0.388	0.433	0.480
0.385	0.430	0.476
0.381	0.425	0.472
0.379	0.422	0.469
0.376	0.419	0.466
0.373	0.416	0.463
0.370	0.413	0.460
0.368	0.411	0.457
0.365	0.408	0.454
0.362	0.405	0.451
0.359	0.402	0.448
0.356	0.399	0.444
0.353	0.396	0.441
0.350	0.392	0.437
0.347	0.390	0.434
0.345	0.387	0.430
0.342	0.385	0.427
0.340	0.383	0.423
0.337	0.380	0.420
0.335	0.378	0.417
0.333	0.376	0.414
0.330	0.371	0.410
0.327	0.367	0.407
0.325	0.362	0.404
0.323	0.357	0.401
0.321	0.353	0.397
0.319	0.348	0.394
0.317	0.344	0.390
0.315	0.343	0.387
0.313	0.341	0.383
0.312	0.340	0.380
0.310	0.339	0.377
0.308	0.338	0.374
0.307	0.337	0.371
0.305	0.336	0.368
0.303	0.334	0.365
0.302	0.331	0.362
0.300	0.329	0.360
0.299	0.326	0.357
0.299	0.323	0.355
0.298	0.321	0.353
0.298	0.318	0.352
0.297	0.317	0.350
0.297	0.316	0.349
0.296	0.315	0.348
0.295	0.314	0.346
0.295	0.312	0.345
0.294	0.311	0.344
0.292	0.311	0.343
0.292	0.312	0.342
0.292	0.313	0.342
0.291	0.314	0.342
0.290	0.315	0.343
0.289	0.317	0.344
0.288	0.318	0.346
0.286	0.319	0.349
0.285	0.318	0.350
0.284	0.316	0.351
0.283	0.315	0.354
0.282	0.314	0.356
0.282	0.313	0.359
0.281	0.312	0.361
0.281	0.312	0.364
0.282	0.313	0.367
0.282	0.315	0.369
0.283	0.317	0.372
0.284	0.319	0.374
0.286	0.321	0.376
0.288	0.323	0.378
0.289	0.325	0.379
0.291	0.329	0.380
0.293	0.332	0.384
0.295	0.336	0.387
0.297	0.340	0.390
0.300	0.343	0.393
0.303	0.347	0.397
0.306	0.350	0.400
0.310	0.353	0.404
0.314	0.356	0.407
0.319	0.360	0.411
0.323	0.363	0.415
0.325	0.366	0.421
0.328	0.369	0.427
0.331	0.373	0.434
0.335	0.378	0.442
0.339	0.383	0.449
0.342	0.387	0.458
0.346	0.392	0.467
0.349	0.397	0.477
0.353	0.401	0.487
0.357	0.407	0.498
0.361	0.415	0.509
0.365	0.424	0.521
0.370	0.432	0.532
0.375	0.440	0.544
0.381	0.449	0.556
0.387	0.457	0.569
0.393	0.467	0.581
0.399	0.479	0.594
0.407	0.492	0.606
0.414	0.505	0.617
0.423	0.517	0.629
0.431	0.530	0.640
0.441	0.543	0.650
0.450	0.555	0.660
0.461	0.567	0.670
0.471	0.579	0.679
0.482	0.591	0.687
0.492	0.602	0.695
0.503	0.614	0.703
0.515	0.626	0.710
0.526	0.637	0.717
0.537	0.644	0.724
0.548	0.651	0.730
0.559	0.658	0.736
0.569	0.665	0.742
0.579	0.672	0.747
0.588	0.679	0.753
0.597	0.686	0.758
0.606	0.691	0.763
0.614	0.697	0.767
0.622	0.702	0.771
0.629	0.708	0.775
0.636	0.713	0.779
0.642	0.718	0.782
0.648	0.724	0.786
0.653	0.728	0.789
0.658	0.733	0.791
0.663	0.737	0.794
0.667	0.742	0.796
0.672	0.746	0.797
0.676	0.751	0.799
0.680	0.754	0.800
0.684	0.754	0.801
0.688	0.755	0.801
0.692	0.756	0.801
0.696	0.756	0.802
0.699	0.757	0.801
0.703	0.758	0.802
0.706	0.757	0.801
0.709	0.756	0.802
0.711	0.756	0.802
0.713	0.756	0.803
0.713	0.756	0.805
0.714	0.756	0.808
0.714	0.756	0.810
0.714	0.755	0.812
0.714	0.757	0.814
0.715	0.759	0.816
0.715	0.761	0.818
0.716	0.763	0.820
0.717	0.765	0.823
0.718	0.767	0.825
0.719	0.771	0.828
0.721	0.772	0.830
0.722	0.773	0.832
0.724	0.775	0.835
0.725	0.776	0.838
0.727	0.777	0.841
0.728	0.778	0.845
0.730	0.780	0.848
0.731	0.785	0.851
0.734	0.789	0.854
0.736	0.794	0.857
0.739	0.798	0.859
0.741	0.803	0.861
0.744	0.807	0.862
0.747	0.810	0.863
0.749	0.812	0.865
0.752	0.815	0.866
0.755	0.817	0.867
0.758	0.820	0.868
0.760	0.822	0.869
0.764	0.825	0.870
0.766	0.828	0.872
0.766	0.828	0.875
0.767	0.827	0.878
0.767	0.827	0.881
0.768	0.826	0.884
0.768	0.826	0.887
0.769	0.825	0.889
0.769	0.825	0.891
0.769	0.827	0.893
0.770	0.829	0.895
0.770	0.831	0.897
0.770	0.833	0.898
0.771	0.834	0.899
0.771	0.836	0.900
0.772	0.836	0.900
0.773	0.837	0.900
0.774	0.839	0.899
0.775	0.840	0.899
0.776	0.841	0.898
0.778	0.842	0.897
0.779	0.843	0.896
0.781	0.844	0.895
0.782	0.843	0.894
0.782	0.842	0.894
0.783	0.841	0.893
0.784	0.840	0.893
0.784	0.840	0.891
0.785	0.839	0.890
0.786	0.839	0.888
0.787	0.838	0.887
0.786	0.837	0.887
0.785	0.836	0.887
0.784	0.836	0.887
0.783	0.835	0.887
0.782	0.834	0.888
0.780	0.833	0.888
0.779	0.832	0.888
0.778	0.831	0.888
0.776	0.831	0.888
0.775	0.830	0.887
0.774	0.829	0.887
0.772	0.828	0.887
0.770	0.827	0.887
0.768	0.827	0.886
0.766	0.827	0.886
0.765	0.827	0.885
0.763	0.828	0.883
0.762	0.828	0.881
0.760	0.828	0.880
0.758	0.828	0.878
0.757	0.825	0.876
0.755	0.822	0.874
0.753	0.819	0.871
0.751	0.816	0.869
0.748	0.813	0.867
0.746	0.810	0.865
0.743	0.808	0.863
0.741	0.804	0.862
0.738	0.800	0.860
0.737	0.796	0.858
0.736	0.792	0.855
0.735	0.788	0.852
0.734	0.784	0.850
0.734	0.780	0.847
0.733	0.777	0.844
0.733	0.774	0.841
0.733	0.772	0.838
0.732	0.769	0.835
0.731	0.766	0.834
0.729	0.763	0.833
0.728	0.763	0.831
0.727	0.766	0.830
0.726	0.770	0.828
0.726	0.773	0.826
0.726	0.777	0.825
0.726	0.780	0.823
0.725	0.784	0.822
0.724	0.785	0.821
0.724	0.783	0.820
0.723	0.780	0.819
0.722	0.778	0.817
0.721	0.776	0.817
0.719	0.774	0.816
0.718	0.772	0.815
0.715	0.770	0.815
0.713	0.769	0.815
0.710	0.767	0.815
0.707	0.766	0.815
0.704	0.764	0.814
0.701	0.762	0.813
0.698	0.761	0.811
0.694	0.759	0.810
0.691	0.755	0.808
0.688	0.751	0.805
0.685	0.746	0.803
0.682	0.742	0.800
0.679	0.738	0.798
0.677	0.734	0.795
0.675	0.728	0.792
0.672	0.725	0.789
0.670	0.722	0.785
0.667	0.719	0.782
0.664	0.716	0.779
0.660	0.713	0.775
0.657	0.710	0.772
0.653	0.707	0.768
0.649	0.706	0.764
0.646	0.704	0.761
0.642	0.703	0.757
0.638	0.702	0.754
0.634	0.701	0.751
0.629	0.699	0.748
0.625	0.697	0.746
0.621	0.690	0.743
0.617	0.684	0.740
0.614	0.678	0.737
0.611	0.672	0.734
0.609	0.665	0.730
0.607	0.659	0.726
0.606	0.653	0.722
0.604	0.649	0.719
0.602	0.646	0.715
0.601	0.642	0.711
0.600	0.638	0.707
0.599	0.635	0.703
0.598	0.631	0.698
0.597	0.630	0.693
0.596	0.631	0.689
0.595	0.632	0.685
0.594	0.633	0.682
0.592	0.635	0.680
0.590	0.636	0.677
0.588	0.637	0.675
0.585	0.635	0.674
