99161	66365	50207	61601	47732	59444	36105	44481	28972	64930	43844	58101	105672	56683	54107	83940	46328	44901	80862	68136	59322	70462	51541	65430	45112	24609	50201	57370	50101	48895	51280	57036	53182	46713	35246	56416
100144	66968	50889	60660	48821	61696	36259	44411	29317	63271	43036	56587	110139	57368	54898	82340	47115	46389	78997	68529	58122	70181	50521	64183	44646	25248	49562	58423	52455	48090	53135	58044	53918	46064	37744	56486
101128	67571	51571	59719	49910	63948	36412	44340	29662	61613	42227	55073	114605	58052	55689	80740	47902	47877	77132	68922	56923	69899	49502	62935	44181	25887	48923	59476	54809	47285	54989	59052	54653	45414	40241	56556
102111	68174	52253	58778	50999	66200	36566	44270	30007	59954	41419	53559	119071	58737	56480	79140	48689	49365	75268	69315	55723	69618	48482	61688	43715	26526	48284	60529	57163	46480	56843	60060	55388	44765	42739	56626
103094	68777	52935	57837	52088	68451	36720	44200	30352	58295	40611	52044	123538	59422	57271	77540	49476	50853	73403	69708	54524	69337	47463	60441	43250	27164	47645	61582	59517	45675	58697	61068	56123	44115	45237	56696
104078	69380	53617	56895	53178	70703	36874	44130	30697	56637	39803	50530	128004	60106	58062	75940	50263	52341	71538	70101	53324	69056	46443	59193	42784	27803	47006	62636	61871	44871	60552	62076	56858	43466	47735	56765
105061	69983	54299	55954	54267	72955	37028	44060	31042	54978	38995	49016	132470	60791	58853	74340	51050	53830	69673	70494	52125	68774	45423	57946	42319	28442	46367	63689	64225	44066	62406	63084	57593	42817	50233	56835
106044	70586	54981	55013	55356	75206	37182	43989	31387	53320	38186	47502	136937	61476	59644	72740	51837	55318	67808	70887	50925	68493	44404	56699	41853	29080	45729	64742	66579	43261	64260	64092	58328	42167	52731	56905
100109	69670	56248	54845	55140	75046	38568	43876	31684	52909	38490	47837	132481	60860	59478	71547	51439	54785	68681	69765	50302	67905	49557	55927	41146	29171	47586	63191	63398	45427	63439	64913	58667	44108	54604	58563
94174	68755	57515	54676	54923	74885	39954	43763	31982	52498	38793	48173	128025	60243	59312	70354	51041	54253	69555	68644	49678	67318	54710	55155	40439	29262	49444	61641	60218	47593	62617	65734	59006	46048	56478	60221
88239	67839	58781	54507	54707	74725	41339	43650	32279	52088	39097	48509	123569	59627	59145	69161	50643	53720	70428	67522	49054	66730	59864	54383	39732	29353	51302	60091	57037	49759	61795	66555	59345	47989	58351	61879
82304	66923	60048	54339	54490	74564	42725	43537	32577	51677	39400	48844	119113	59011	58979	67968	50245	53188	71301	66401	48430	66142	65017	53611	39024	29444	53160	58540	53856	51925	60973	67375	59684	49929	60225	63537
76369	66007	61314	54170	54274	74403	44111	43424	32874	51267	39703	49180	114657	58395	58813	66775	49847	52655	72174	65279	47806	65555	70170	52839	38317	29534	55017	56990	50675	54091	60151	68196	60023	51869	62098	65195
70434	65092	62581	54001	54058	74243	45497	43312	33172	50856	40007	49516	110201	57778	58646	65582	49449	52123	73047	64158	47182	64967	75324	52067	37610	29625	56875	55440	47494	56257	59329	69017	60361	53810	63972	66853
64499	64176	63847	53833	53841	74082	46882	43199	33469	50446	40310	49851	105744	57162	58480	64390	49051	51591	73920	63036	46558	64380	80477	51295	36903	29716	58733	53889	44313	58423	58507	69838	60700	55750	65846	68512
64967	64449	64923	51578	54676	72008	47876	43109	33305	50228	40344	49293	101518	59925	56985	66501	51231	51794	73274	61280	45967	62536	89396	52819	37706	30647	58415	54847	46145	58973	57642	69090	61554	58118	63735	69781
65436	64722	66000	49323	55511	69934	48870	43020	33140	50010	40378	48735	97291	62688	55490	68613	53410	51997	72627	59524	45377	60693	98314	54343	38509	31577	58097	55805	47977	59523	56777	68342	62408	60485	61625	71051
65905	64994	67076	47069	56346	67859	49863	42930	32976	49791	40412	48177	93065	65450	53995	70725	55590	52201	71981	57768	44786	58849	107233	55867	39312	32508	57779	56762	49809	60073	55913	67594	63262	62852	59514	72320
66374	65267	68152	44814	57181	65785	50857	42841	32812	49573	40447	47619	88838	68213	52500	72837	57770	52404	71335	56012	44195	57006	116151	57391	40116	33438	57461	57720	51641	60623	55048	66847	64116	65219	57404	73590
66843	65540	69228	42559	58016	63711	51850	42751	32647	49355	40481	47061	84611	70976	51005	74949	59950	52607	70689	54255	43604	55163	125070	58915	40919	34369	57143	58678	53474	61173	54184	66099	64970	67586	55293	74859
67311	65812	70304	40305	58851	61637	52844	42662	32483	49137	40515	46503	80385	73738	49510	77061	62130	52811	70042	52499	43013	53319	133989	60440	41722	35299	56825	59636	55306	61723	53319	65351	65824	69953	53183	76129
67780	66085	71380	38050	59686	59562	53837	42572	32319	48919	40549	45945	76158	76501	48015	79173	64309	53014	69396	50743	42423	51476	142907	61964	42525	36230	56507	60594	57138	62273	52454	64603	66678	72320	51072	77398
70046	63610	72227	39154	60808	57077	56267	42406	32868	48547	40259	45781	77036	77153	49369	77769	64058	53947	66586	52316	42948	53344	137483	62759	41290	36806	56081	60565	58501	62183	54910	64331	67407	73016	50683	72285
72312	61136	73073	40259	61930	54592	58696	42240	33417	48175	39969	45618	77913	77806	50723	76365	63806	54879	63776	53888	43474	55212	132058	63555	40054	37382	55654	60537	59865	62092	57366	64059	68136	73711	50294	67173
74579	58661	73920	41363	63051	52107	61125	42073	33966	47803	39679	45454	78791	78458	52077	74962	63555	55812	60966	55461	44000	57080	126633	64350	38819	37958	55228	60509	61228	62001	59821	63787	68865	74406	49905	62060
76845	56186	74766	42468	64173	49621	63554	41907	34516	47430	39389	45291	79668	79110	53431	73558	63303	56745	58156	57034	44526	58949	121208	65146	37583	38535	54802	60481	62591	61911	62277	63516	69594	75102	49516	56947
79111	53711	75613	43572	65294	47136	65983	41741	35065	47058	39098	45127	80546	79762	54785	72155	63051	57677	55346	58607	45052	60817	115784	65941	36348	39111	54375	60452	63955	61820	64733	63244	70323	75797	49127	51834
81377	51236	76459	44676	66416	44651	68412	41574	35614	46686	38808	44964	81423	80414	56139	70751	62800	58610	52536	60179	45577	62685	110359	66737	35113	39687	53949	60424	65318	61730	67188	62972	71052	76492	48738	46722
83643	48762	77306	45781	67537	42166	70842	41408	36163	46314	38518	44800	82301	81066	57493	69347	62548	59542	49726	61752	46103	64553	104934	67532	33877	40263	53523	60396	66681	61639	69644	62700	71780	77188	48349	41609
82239	52424	77105	46284	65099	41712	74329	41211	35438	46278	37824	44570	85329	78679	57058	68163	61838	59279	48986	61149	44972	67559	100847	67074	33723	40412	53229	62108	66135	59964	68665	64310	71961	77230	50049	41829
80835	56086	76904	46786	62661	41259	77816	41015	34713	46242	37131	44340	88357	76292	56624	66979	61127	59016	48246	60545	43840	70565	96760	66616	33569	40561	52936	63820	65588	58290	67686	65919	72141	77272	51749	42049
79432	59748	76703	47289	60223	40805	81302	40818	33988	46206	36437	44110	91385	73904	56189	65794	60416	58752	47506	59942	42708	73571	92673	66157	33415	40710	52643	65532	65041	56615	66707	67529	72321	77314	53450	42269
78028	63410	76501	47791	57785	40352	84789	40621	33262	46171	35743	43880	94413	71517	55755	64610	59706	58489	46766	59338	41577	76577	88586	65699	33260	40859	52350	67244	64495	54940	65729	69139	72501	77355	55150	42489
76624	67072	76300	48294	55348	39898	88276	40425	32537	46135	35049	43650	97440	69129	55320	63426	58995	58225	46026	58735	40445	79583	84499	65241	33106	41008	52057	68956	63948	53266	64750	70748	72681	77397	56850	42709
75220	70734	76099	48797	52910	39444	91763	40228	31812	46099	34355	43420	100468	66742	54886	62241	58285	57962	45287	58131	39314	82589	80412	64783	32952	41157	51763	70668	63401	51591	63771	72358	72861	77439	58550	42929
73816	74396	75898	49299	50472	38991	95250	40031	31087	46063	33661	43190	103496	64354	54451	61057	57574	57698	44547	57528	38182	85594	76325	64324	32798	41306	51470	72380	62855	49916	62792	73967	73041	77481	60251	43149
72926	74372	75866	49100	50238	40247	97200	39825	35227	45014	33053	42742	103612	63527	55408	57544	55986	58489	45612	57739	40886	85052	75850	62883	32913	41163	51687	74677	62896	49138	61161	74403	74715	75473	62354	42426
72037	74348	75833	48901	50004	41502	99150	39618	39366	43964	32444	42295	103728	62700	56364	54032	54398	59281	46678	57950	43590	84509	75374	61441	33028	41020	51904	76973	62938	48360	59530	74839	76389	73466	64458	41703
71147	74323	75801	48702	49771	42758	101100	39411	43506	42915	31836	41848	103844	61873	57321	50519	52810	60072	47744	58162	46293	83966	74898	60000	33143	40878	52121	79269	62980	47582	57899	75275	78063	71458	66561	40980
70258	74299	75768	48503	49537	44013	103050	39205	47646	41866	31227	41400	103960	61046	58277	47006	51222	60863	48809	58373	48997	83424	74422	58558	33258	40735	52338	81565	63022	46804	56268	75710	79737	69450	68665	40257
69368	74275	75736	48303	49303	45269	105000	38998	51785	40816	30619	40953	104076	60220	59233	43494	49634	61654	49875	58584	51701	82881	73946	57117	33374	40592	52555	83862	63064	46026	54637	76146	81411	67442	70769	39534
68478	74251	75704	48104	49070	46525	106950	38791	55925	39767	30010	40506	104192	59393	60190	39981	48046	62445	50941	58795	54405	82338	73470	55675	33489	40450	52772	86158	63106	45248	53006	76582	83085	65435	72872	38810
67589	74227	75671	47905	48836	47780	108900	38585	60065	38718	29402	40058	104308	58566	61146	36468	46458	63236	52006	59007	57109	81795	72994	54234	33604	40307	52989	88454	63148	44470	51375	77017	84758	63427	74976	38087
68168	72752	74124	48815	47179	49770	105165	38009	58566	38534	29737	40064	102336	59390	62284	37390	45342	64533	53472	59247	56486	80199	71108	56474	35699	40455	51826	87086	61229	43645	50780	77000	82271	63241	73551	37851
68748	71277	72577	49724	45521	51759	101431	37434	57066	38350	30072	40069	100363	60215	63421	38313	44227	65829	54938	59487	55863	78603	69222	58715	37794	40602	50662	85717	59311	42821	50185	76982	79784	63054	72126	37614
69327	69803	71030	50633	43864	53749	97697	36859	55567	38166	30407	40074	98390	61039	64558	39235	43112	67126	56404	59727	55240	77007	67336	60955	39890	40750	49499	84349	57393	41996	49590	76964	77297	62868	70701	37378
69906	68328	69484	51543	42206	55738	93962	36284	54068	37983	30742	40080	96418	61864	65695	40157	41996	68423	57870	59967	54617	75410	65450	63196	41985	40898	48336	82980	55474	41171	48995	76947	74810	62682	69277	37142
70486	66853	67937	52452	40549	57728	90228	35708	52569	37799	31077	40085	94445	62689	66832	41080	40881	69719	59336	60208	53994	73814	63564	65436	44080	41045	47173	81612	53556	40346	48399	76929	72322	62495	67852	36905
71065	65378	66390	53362	38892	59717	86494	35133	51070	37615	31412	40090	92472	63513	67969	42002	39765	71016	60802	60448	53371	72218	61678	67677	46175	41193	46010	80244	51638	39522	47804	76912	69835	62309	66427	36669
71644	63903	64843	54271	37234	61707	82759	34558	49571	37431	31747	40096	90500	64338	69106	42924	38650	72312	62268	60688	52748	70622	59792	69917	48271	41340	44847	78875	49719	38697	47209	76894	67348	62123	65002	36432
70775	64856	65078	54299	35934	58014	83251	34477	49481	36539	31420	41492	87149	67055	66509	43208	38854	71351	61438	60149	52282	67185	61168	69564	49038	42233	43409	75474	50032	38963	45816	76333	67775	62060	64641	36265
69905	65808	65313	54326	34635	54321	83742	34395	49391	35648	31094	42889	83798	69773	63911	43493	39059	70390	60608	59609	51817	63748	62545	69212	49806	43126	41972	72072	50344	39228	44423	75772	68203	61996	64279	36097
69035	66761	65548	54354	33335	50627	84233	34314	49301	34756	30767	44285	80448	72491	61314	43777	39263	69429	59778	59070	51351	60311	63921	68859	50574	44019	40535	68671	50657	39494	43030	75211	68630	61933	63918	35930
68165	67713	65782	54382	32035	46934	84725	34233	49211	33864	30440	45681	77097	75208	58716	44061	39467	68468	58948	58530	50886	56874	65298	68506	51342	44912	39098	65270	50969	39759	41637	74650	69057	61870	63556	35762
67296	68666	66017	54409	30735	43241	85216	34152	49121	32972	30113	47078	73747	77926	56118	44346	39672	67506	58118	57991	50420	53437	66675	68153	52110	45805	37661	61868	51282	40025	40244	74089	69485	61807	63194	35594
66426	69618	66252	54437	29435	39548	85707	34071	49031	32080	29786	48474	70396	80643	53521	44630	39876	66545	57289	57451	49954	50000	68051	67800	52878	46698	36224	58467	51594	40290	38850	73528	69912	61743	62833	35427
65556	70571	66487	54465	28136	35855	86198	33989	48941	31188	29459	49871	67045	83361	50923	44914	40080	65584	56459	56912	49489	46563	69428	67447	53646	47591	34787	55065	51907	40556	37457	72967	70339	61680	62471	35259
64737	70290	65505	55157	30466	36611	85875	32892	48385	30942	29168	49373	67223	84388	51853	45348	38947	65619	57675	57444	49928	47055	68333	66899	54570	48328	35275	55093	52938	41002	36578	69441	71082	61132	62757	36252
63918	70010	64523	55849	32797	37368	85552	31794	47829	30696	28878	48875	67401	85414	52783	45783	37814	65653	58891	57977	50367	47548	67239	66350	55494	49065	35763	55121	53969	41447	35698	65915	71825	60585	63042	37244
63098	69729	63540	56541	35127	38124	85228	30696	47273	30450	28587	48377	67578	86441	53713	46217	36681	65688	60107	58510	50807	48040	66145	65802	56418	49802	36251	55149	55001	41893	34819	62388	72568	60037	63327	38236
62279	69449	62558	57232	37458	38880	84905	29598	46717	30203	28296	47879	67756	87467	54643	46651	35547	65722	61323	59042	51246	48532	65051	65253	57342	50539	36739	55176	56032	42339	33939	58862	73311	59489	63612	39228
61460	69168	61576	57924	39789	39636	84581	28501	46161	29957	28005	47381	67934	88494	55573	47085	34414	65757	62539	59575	51685	49025	63957	64704	58266	51276	37227	55204	57063	42785	33059	55336	74054	58942	63897	40221
60640	68888	60593	58616	42119	40392	84258	27403	45605	29711	27714	46883	68111	89520	56503	47519	33281	65791	63755	60108	52125	49517	62862	64156	59190	52013	37716	55232	58095	43231	32180	51810	74797	58394	64183	41213
59821	68607	59611	59308	44450	41149	83935	26305	45049	29465	27423	46385	68289	90547	57433	47953	32148	65826	64971	60640	52564	50009	61768	63607	60114	52751	38204	55259	59126	43677	31300	48284	75540	57846	64468	42205
58560	65963	58874	60176	46758	40606	83142	26257	43099	29543	27339	44936	68259	88535	57555	47179	32535	66014	64954	63013	51681	50199	60376	61720	60756	52611	38221	52927	59071	42165	31265	49955	75115	56948	63611	42225
57299	63318	58137	61043	49067	40064	82350	26210	41149	29621	27254	43487	68229	86524	57678	46405	32923	66202	64936	65386	50799	50390	58983	59833	61398	52471	38238	50594	59016	40653	31230	51626	74689	56049	62753	42244
56038	60673	57401	61911	51375	39521	81557	26162	39198	29699	27169	42038	68200	84512	57800	45630	33311	66390	64918	67760	49916	50580	57591	57947	62040	52332	38255	48262	58960	39141	31195	53297	74263	55150	61896	42263
54778	58029	56664	62778	53683	38978	80765	26115	37248	29777	27085	40589	68170	82501	57923	44856	33698	66578	64901	70133	49034	50770	56199	56060	62682	52192	38273	45929	58905	37629	31160	54968	73837	54252	61039	42283
53517	55384	55927	63645	55992	38436	79972	26067	35298	29855	27000	39140	68140	80489	58046	44081	34086	66766	64883	72506	48151	50960	54806	54173	63324	52052	38290	43597	58850	36118	31124	56639	73411	53353	60181	42302
52256	52739	55191	64513	58300	37893	79180	26019	33347	29934	26915	37691	68110	78477	58168	43307	34474	66954	64865	74879	47268	51150	53414	52286	63966	51913	38307	41264	58795	34606	31089	58310	72985	52454	59324	42322
50995	50095	54454	65380	60608	37351	78387	25972	31397	30012	26831	36242	68080	76466	58291	42532	34861	67143	64848	77252	46386	51340	52022	50399	64608	51773	38324	38932	58739	33094	31054	59980	72560	51556	58466	42341
51616	50194	52037	65037	57529	37854	79246	26556	30547	29971	27093	34547	66627	76274	57083	41669	35443	66111	63935	80275	46616	51157	52205	49152	62381	52900	39608	37826	56071	32689	29800	60153	71392	50410	58128	41690
52237	50294	49620	64693	54449	38356	80105	27141	29696	29930	27354	32851	65174	76082	55875	40806	36025	65079	63023	83298	46846	50974	52388	47905	60154	54026	40893	36720	53403	32285	28546	60325	70225	49264	57790	41038
52857	50394	47204	64350	51370	38859	80963	27725	28845	29889	27616	31156	63721	75890	54667	39943	36608	64048	62110	86321	47076	50791	52571	46659	57927	55152	42177	35613	50735	31880	27292	60497	69058	48118	57452	40387
53478	50493	44787	64006	48290	39362	81822	28310	27995	29849	27878	29461	62268	75698	53459	39079	37190	63016	61197	89344	47306	50608	52754	45412	55699	56279	43462	34507	48066	31475	26038	60670	67891	46972	57113	39735
54099	50593	42370	63662	45210	39865	82681	28894	27144	29808	28140	27765	60815	75505	52251	38216	37772	61985	60285	92367	47536	50425	52938	44165	53472	57405	44746	33401	45398	31071	24784	60842	66723	45826	56775	39084
54719	50693	39953	63319	42131	40368	83539	29479	26293	29767	28401	26070	59363	75313	51043	37353	38354	60953	59372	95390	47766	50242	53121	42918	51245	58532	46030	32295	42730	30666	23530	61014	65556	44680	56437	38432
55340	50793	37537	62975	39051	40871	84398	30063	25443	29726	28663	24374	57910	75121	49835	36490	38936	59922	58460	98413	47997	50059	53304	41671	49018	59658	47315	31189	40062	30262	22276	61187	64389	43533	56099	37780
54781	52765	36093	60868	40516	40220	84234	29276	25387	31085	30109	24536	57316	74732	49037	36219	38892	59244	58542	97232	47429	49483	52910	43572	50308	58758	49035	31192	41481	29726	22411	60584	63872	43180	54962	37823
54223	54738	34650	58760	41981	39569	84070	28489	25332	32444	31555	24698	56722	74342	48240	35949	38849	58566	58625	96051	46861	48907	52516	45472	51598	57859	50754	31195	42901	29191	22546	59982	63355	42826	53826	37866
53664	56711	33207	56653	43446	38918	83906	27701	25276	33803	33001	24860	56129	73952	47442	35679	38805	57888	58707	94869	46294	48331	52122	47373	52888	56959	52474	31198	44320	28655	22681	59380	62837	42472	52689	37909
53106	58684	31763	54545	44911	38267	83742	26914	25220	35161	34447	25022	55535	73563	46645	35408	38762	57210	58790	93688	45726	47754	51728	49274	54178	56059	54193	31201	45739	28119	22817	58778	62320	42118	51553	37951
52547	60657	30320	52438	46376	37616	83578	26127	25165	36520	35892	25184	54941	73173	45847	35138	38718	56533	58873	92506	45158	47178	51333	51174	55469	55159	55913	31204	47159	27584	22952	58175	61803	41764	50417	37994
51988	62630	28877	50330	47841	36965	83413	25339	25109	37879	37338	25346	54348	72783	45050	34868	38675	55855	58955	91325	44591	46602	50939	53075	56759	54260	57633	31207	48578	27048	23087	57573	61286	41410	49280	38037
51430	64603	27433	48222	49306	36314	83249	24552	25054	39238	38784	25507	53754	72394	44252	34597	38631	55177	59038	90143	44023	46026	50545	54975	58049	53360	59352	31209	49997	26512	23222	56971	60769	41056	48144	38079
51547	64949	28620	49560	51029	38382	85288	25863	25863	38547	38197	25828	53098	72461	44871	34341	37877	55437	59409	88129	43139	45371	51299	53917	58151	53395	57840	32039	49486	26493	24012	57723	59995	39899	48438	38226
51664	65295	29806	50898	52751	40450	87326	27174	26672	37857	37611	26149	52442	72528	45490	34084	37124	55697	59781	86116	42254	44716	52052	52858	58254	53431	56329	32868	48975	26474	24801	58475	59221	38741	48732	38372
51782	65641	30992	52235	54474	42518	89364	28485	27480	37167	37024	26471	51786	72595	46109	33828	36370	55958	60152	84102	41370	44060	52805	51799	58356	53467	54817	33697	48463	26454	25591	59228	58447	37583	49027	38519
51899	65987	32178	53573	56197	44586	91403	29795	28289	36476	36437	26792	51130	72661	46728	33572	35617	56218	60524	82088	40486	43405	53559	50741	58458	53502	53305	34526	47952	26435	26380	59980	57673	36426	49321	38665
52017	66334	33364	54911	57920	46654	93441	31106	29098	35786	35850	27113	50474	72728	47347	33315	34863	56478	60895	80074	39602	42750	54312	49682	58560	53538	51793	35355	47441	26415	27170	60732	56899	35268	49616	38811
52134	66680	34551	56249	59643	48723	95480	32417	29907	35096	35264	27434	49818	72795	47966	33059	34109	56738	61266	78060	38718	42095	55066	48623	58663	53573	50281	36185	46929	26396	27959	61485	56125	34111	49910	38958
52251	67026	35737	57586	61365	50791	97518	33728	30716	34405	34677	27755	49162	72862	48585	32803	33356	56998	61638	76046	37834	41440	55819	47565	58765	53609	48770	37014	46418	26377	28748	62237	55351	32953	50204	39104
51622	67976	35828	59821	65257	51561	95854	33400	30598	33935	34848	28398	51154	72133	48175	32843	34550	55924	62294	75224	36665	41186	56035	47346	57503	52205	48097	38978	46667	26854	29380	62242	55593	33195	50506	37779
50992	68927	35920	62056	69149	52331	94190	33072	30481	33465	35019	29042	53146	71404	47766	32884	35745	54851	62949	74402	35497	40933	56250	47127	56241	50802	47425	40942	46917	27332	30011	62247	55835	33436	50807	36453
50363	69877	36012	64291	73040	53101	92526	32745	30363	32995	35190	29686	55138	70675	47357	32925	36939	53777	63605	73581	34329	40680	56466	46908	54979	49398	46752	42906	47166	27810	30642	62252	56077	33678	51108	35128
49733	70828	36103	66526	76932	53871	90862	32417	30246	32524	35361	30330	57131	69946	46948	32965	38134	52703	64261	72759	33161	40427	56682	46689	53717	47994	46080	44870	47416	28287	31273	62257	56320	33920	51409	33802
49103	71778	36195	68761	80824	54641	89198	32089	30128	32054	35532	30973	59123	69216	46539	33006	39328	51630	64916	71937	31993	40173	56898	46470	52455	46591	45407	46834	47665	28765	31904	62262	56562	34161	51710	32477
48474	72729	36286	70996	84715	55411	87534	31761	30011	31584	35703	31617	61115	68487	46129	33046	40523	50556	65572	71115	30825	39920	57114	46252	51193	45187	44735	48798	47914	29243	32535	62268	56804	34403	52012	31151
47844	73679	36378	73231	88607	56182	85870	31434	29893	31113	35874	32261	63107	67758	45720	33087	41717	49482	66228	70293	29656	39667	57329	46033	49931	43784	44063	50762	48164	29721	33166	62273	57046	34644	52313	29826
47625	73215	35018	71728	86734	56055	84661	32594	30667	30974	35058	32481	65249	67037	44969	33261	42707	50148	66121	70445	29380	39807	57876	47528	50425	43429	45235	51743	47374	29496	33794	63599	56381	34658	52451	29639
47406	72751	33659	70225	84862	55927	83451	33755	31442	30836	34242	32701	67391	66315	44219	33435	43696	50813	66013	70597	29104	39947	58422	49023	50919	43075	46407	52724	46585	29272	34422	64925	55715	34672	52590	29453
47186	72286	32300	68723	82989	55800	82242	34916	32216	30697	33426	32922	69534	65594	43468	33608	44686	51478	65906	70748	28829	40088	58968	50518	51412	42720	47579	53705	45796	29048	35050	66250	55050	34685	52729	29266
46967	71822	30940	67220	81116	55673	81032	36077	32990	30558	32610	33142	71676	64872	42717	33782	45675	52144	65798	70900	28553	40228	59514	52013	51906	42365	48751	54687	45006	28824	35678	67576	54384	34699	52868	29079
46748	71358	29581	65717	79244	55546	79823	37237	33765	30419	31794	33362	73818	64151	41966	33956	46664	52809	65691	71052	28277	40368	60060	53508	52400	42011	49923	55668	44217	28600	36306	68902	53718	34712	53006	28893
46529	70894	28221	64215	77371	55419	78613	38398	34539	30280	30978	33582	75960	63429	41215	34129	47654	53475	65584	71203	28001	40508	60606	55004	52894	41656	51096	56649	43427	28375	36934	70228	53053	34726	53145	28706
46309	70429	26862	62712	75499	55292	77404	39559	35313	30141	30162	33802	78103	62708	40464	34303	48643	54140	65476	71355	27725	40649	61153	56499	53388	41302	52268	57630	42638	28151	37562	71554	52387	34740	53284	28519
46245	74258	27788	62382	76426	55407	78004	39999	35857	30467	30289	35722	78593	63932	40972	33910	52996	55615	67409	71673	27307	40874	62452	60386	53625	41214	56203	59334	42440	27593	38292	70410	52143	35251	52500	28262
46181	78086	28714	62052	77354	55522	78604	40439	36401	30793	30416	37641	79083	65156	41479	33516	57349	57090	69342	71991	26889	41099	63751	64273	53861	41126	60139	61037	42242	27034	39022	69266	51898	35762	51716	28005
46117	81914	29640	61722	78281	55638	79204	40880	36945	31119	30543	39560	79573	66380	41987	33123	61702	58566	71275	72309	26471	41325	65050	68160	54098	41038	64074	62741	42043	26476	39753	68121	51654	36273	50932	27748
46053	85742	30566	61392	79209	55753	79804	41320	37489	31445	30670	41480	80063	67604	42494	32730	66055	60041	73207	72627	26052	41550	66350	72047	54335	40950	68010	64445	41845	25917	40483	66977	51410	36784	50148	27491
45988	89570	31491	61063	80137	55868	80404	41760	38033	31771	30798	43399	80553	68827	43002	32336	70408	61516	75140	72945	25634	41775	67649	75934	54571	40862	71945	66148	41647	25359	41213	65833	51165	37295	49364	27234
45924	93399	32417	60733	81064	55983	81004	42200	38577	32097	30925	45318	81044	70051	43509	31943	74761	62992	77073	73263	25216	42000	68948	79821	54808	40774	75880	67852	41449	24800	41944	64689	50921	37807	48580	26977
45860	97227	33343	60403	81992	56098	81604	42640	39121	32423	31052	47238	81534	71275	44017	31550	79114	64467	79006	73581	24798	42226	70247	83708	55044	40686	79816	69555	41251	24242	42674	63544	50676	38318	47796	26719
45309	96093	33450	58940	81863	55952	80549	43011	38578	32625	31741	49325	80687	70878	45470	32003	81084	65801	80633	85540	24476	42752	71929	81124	53785	41398	78425	68220	42317	24192	44168	64269	50532	39396	46300	27402
44757	94960	33556	57478	81735	55805	79495	43382	38035	32827	32431	51412	79839	70481	46924	32457	83054	67136	82261	97499	24154	43277	73610	78540	52525	42111	77034	66884	43383	24143	45662	64995	50388	40474	44804	28084
44206	93826	33663	56015	81606	55658	78440	43753	37492	33029	33120	53500	78992	70084	48378	32910	85024	68471	83888	109458	23832	43803	75291	75956	51265	42824	75644	65549	44450	24094	47155	65720	50244	41552	43308	28767
43655	92692	33769	54553	81478	55511	77386	44124	36949	33231	33810	55587	78145	69687	49832	33364	86994	69806	85516	121416	23509	44329	76973	73372	50005	43537	74253	64213	45516	24045	48649	66445	50101	42630	41812	29450
43103	91559	33875	53091	81349	55364	76331	44495	36406	33433	34499	57674	77297	69290	51286	33817	88963	71140	87143	133375	23187	44855	78654	70788	48745	44250	72862	62878	46582	23995	50143	67170	49957	43707	40316	30132
42552	90425	33982	51628	81221	55218	75277	44866	35862	33635	35188	59762	76450	68893	52739	34271	90933	72475	88771	145334	22865	45381	80336	68204	47486	44963	71471	61542	47649	23946	51637	67895	49813	44785	38820	30815
42001	89291	34088	50166	81092	55071	74222	45236	35319	33836	35878	61849	75603	68496	54193	34724	92903	73810	90398	157292	22543	45906	82017	65620	46226	45676	70081	60207	48715	23897	53131	68620	49669	45863	37324	31497
41903	87197	35125	54154	80729	53278	74670	44576	35841	34815	35482	60013	74418	68973	54184	35726	88816	76355	88955	152382	24121	45854	81249	63278	46528	45963	68462	58297	48994	23826	53002	69923	48961	45869	37483	32050
41804	85103	36162	58141	80365	51484	75118	43916	36363	35793	35087	58176	73232	69449	54176	36727	84729	78899	87511	147472	25699	45801	80480	60936	46831	46250	66844	56388	49273	23755	52873	71227	48253	45876	37643	32602
41706	83009	37198	62129	80002	49691	75565	43255	36885	36771	34692	56340	72047	69926	54167	37728	80642	81444	86067	142561	27277	45749	79712	58593	47133	46537	65225	54478	49551	23684	52744	72530	47546	45882	37803	33155
41608	80914	38235	66117	79639	47898	76013	42595	37407	37749	34297	54504	70862	70402	54158	38729	76555	83989	84624	137651	28855	45696	78943	56251	47436	46825	63607	52569	49830	23613	52615	73833	46838	45888	37963	33708
41510	78820	39272	70105	79276	46105	76461	41935	37928	38727	33901	52667	69676	70879	54150	39731	72468	86534	83180	132741	30432	45643	78175	53908	47738	47112	61988	50659	50109	23542	52487	75137	46131	45894	38123	34261
41412	76726	40309	74092	78912	44312	76909	41274	38450	39705	33506	50831	68491	71356	54141	40732	68381	89079	81736	127830	32010	45591	77406	51566	48041	47399	60370	48749	50388	23471	52358	76440	45423	45900	38282	34813
41314	74632	41345	78080	78549	42518	77356	40614	38972	40683	33111	48995	67305	71832	54132	41733	64294	91624	80293	122920	33588	45538	76638	49223	48343	47686	58751	46840	50666	23400	52229	77743	44716	45906	38442	35366
42749	76259	40863	78338	79282	41381	79678	39755	39384	39778	34120	49199	68154	70290	53427	42351	62680	89605	79468	119079	34135	44792	74756	48871	48541	47596	57921	47985	50777	23852	51008	77111	43835	44982	38453	36233
44185	77886	40382	78596	80015	40244	81999	38896	39796	38873	35129	49403	69003	68747	52722	42970	61066	87585	78643	115238	34682	44045	72874	48519	48739	47506	57091	49129	50887	24303	49786	76479	42954	44058	38463	37101
45621	79514	39900	78854	80747	39107	84320	38036	40208	37968	36138	49608	69852	67205	52017	43588	59452	85566	77818	111398	35229	43298	70992	48166	48936	47415	56261	50274	50997	24755	48565	75847	42074	43133	38474	37968
47057	81141	39418	79112	81480	37970	86641	37177	40619	37063	37146	49812	70701	65662	51312	44206	57839	83547	76993	107557	35776	42552	69109	47814	49134	47325	55431	51419	51108	25206	47343	75214	41193	42209	38484	38836
48493	82768	38936	79370	82213	36832	88963	36318	41031	36158	38155	50017	71550	64120	50606	44824	56225	81528	76168	103716	36323	41805	67227	47462	49332	47235	54601	52564	51218	25657	46122	74582	40313	41284	38495	39703
49929	84395	38455	79628	82946	35695	91284	35459	41443	35253	39164	50221	72399	62577	49901	45442	54611	79509	75343	99875	36869	41059	65345	47110	49529	47144	53771	53708	51328	26109	44901	73950	39432	40360	38506	40570
51364	86023	37973	79885	83678	34558	93605	34600	41855	34348	40173	50425	73248	61035	49196	46061	52997	77490	74518	96034	37416	40312	63463	46757	49727	47054	52941	54853	51439	26560	43679	73317	38552	39436	38516	41438
52563	88703	39648	79973	84484	35011	92225	35079	42818	33637	40106	50907	72750	61415	49355	45843	51751	77102	72819	92834	38115	39910	63154	46866	49990	47246	52075	54276	50286	26820	46106	74718	38969	38906	37912	41830
53761	91384	41322	80061	85290	35465	90845	35558	43781	32926	40039	51388	72251	61796	49515	45625	50506	76715	71121	89635	38813	39507	62846	46975	50253	47438	51208	53698	49133	27080	48532	76118	39385	38377	37309	42222
54959	94064	42997	80149	86096	35918	89465	36038	44745	32214	39971	51869	71753	62176	49674	45408	49260	76327	69422	86435	39512	39104	62537	47084	50516	47630	50342	53121	47981	27340	50959	77518	39802	37848	36705	42615
56157	96744	44671	80236	86902	36372	88084	36517	45708	31503	39904	52351	71255	62557	49833	45190	48014	75940	67724	83235	40211	38702	62228	47192	50779	47822	49476	52544	46828	27600	53386	78918	40219	37318	36102	43007
57355	99425	46346	80324	87708	36825	86704	36996	46671	30791	39837	52832	70756	62937	49992	44973	46769	75552	66025	80035	40909	38299	61919	47301	51042	48014	48610	51966	45675	27860	55813	80319	40635	36789	35498	43400
58554	102105	48021	80412	88514	37278	85324	37476	47634	30080	39770	53313	70258	63318	50152	44755	45523	75165	64327	76835	41608	37897	61610	47410	51305	48206	47744	51389	44522	28120	58239	81719	41052	36260	34894	43792
59752	104786	49695	80500	89320	37732	83944	37955	48598	29368	39703	53795	69760	63698	50311	44538	44277	74777	62628	73635	42306	37494	61301	47519	51568	48399	46878	50812	43370	28380	60666	83119	41469	35730	34291	44184
60317	101480	50196	79583	86267	38188	81309	38200	47192	30286	39964	53638	69328	64641	49749	44167	42706	74632	61246	72829	42178	37950	60220	47822	50234	49070	54650	49016	43649	28256	60975	82293	41154	35213	35750	43985
60882	98175	50697	78665	83214	38644	78675	38446	45787	31204	40226	53482	68896	65583	49188	43796	41135	74487	59863	72023	42050	38406	59139	48126	48901	49742	62422	47220	43928	28132	61285	81467	40839	34697	37208	43785
61448	94870	51197	77748	80161	39100	76040	38692	44381	32122	40487	53325	68464	66525	48626	43425	39563	74341	58481	71217	41922	38862	58058	48429	47567	50414	70193	45424	44207	28008	61594	80641	40524	34180	38667	43586
62013	91564	51698	76831	77107	39557	73406	38937	42976	33039	40749	53169	68032	67468	48065	43054	37992	74196	57098	70410	41794	39317	56977	48733	46233	51085	77965	43628	44486	27884	61904	79815	40209	33663	40126	43386
62578	88259	52199	75914	74054	40013	70771	39183	41571	33957	41010	53012	67601	68410	47503	42683	36421	74051	55716	69604	41666	39773	55896	49036	44900	51757	85737	41832	44766	27760	62213	78989	39894	33146	41585	43187
63143	84954	52700	74997	71001	40469	68137	39428	40165	34875	41272	52856	67169	69352	46942	42312	34849	73906	54334	68798	41538	40229	54816	49340	43566	52429	93508	40036	45045	27636	62522	78163	39579	32629	43044	42987
63708	81649	53200	74079	67948	40925	65502	39674	38760	35793	41533	52699	66737	70295	46380	41941	33278	73760	52951	67992	41410	40685	53735	49644	42232	53100	101280	38240	45324	27512	62832	77337	39264	32112	44503	42788
64232	79678	54512	74119	65014	42721	65232	38557	39092	36014	44038	52637	65861	69367	46741	41708	34688	72703	52864	67327	44097	40967	53685	48576	41032	53567	99250	38103	45949	28309	62355	76178	39584	33178	45764	42670
64756	77707	55824	74159	62079	44517	64963	37441	39425	36235	46542	52575	64986	68438	47102	41474	36097	71645	52776	66662	46784	41249	53635	47508	39832	54034	97219	37965	46574	29106	61878	75019	39903	34243	47025	42553
65280	75737	57136	74198	59144	46312	64693	36324	39758	36456	49046	52513	64110	67510	47463	41241	37507	70588	52689	65997	49471	41531	53585	46440	38632	54500	95188	37828	47199	29904	61401	73861	40223	35309	48286	42436
65804	73766	58448	74238	56210	48108	64424	35207	40091	36677	51550	52451	63235	66582	47824	41007	38916	69530	52602	65332	52158	41813	53535	45372	37431	54967	93158	37691	47824	30701	60925	72702	40542	36375	49547	42319
66328	71796	59761	74277	53275	49904	64154	34091	40423	36898	54054	52389	62359	65654	48185	40774	40326	68473	52514	64667	54845	42095	53485	44304	36231	55434	91127	37554	48449	31498	60448	71544	40862	37440	50808	42201
66852	69825	61073	74317	50341	51699	63885	32974	40756	37120	56558	52327	61483	64726	48546	40540	41736	67415	52427	64002	57532	42378	53435	43236	35031	55900	89097	37417	49074	32295	59971	70385	41181	38506	52068	42084
67376	67854	62385	74356	47406	53495	63615	31857	41089	37341	59062	52265	60608	63798	48907	40307	43145	66357	52340	63337	60219	42660	53385	42168	33831	56367	87066	37280	49699	33092	59494	69227	41501	39572	53329	41967
67431	67258	61931	72833	46697	54355	63636	31542	40508	37980	62524	50856	58766	62706	48583	40531	43553	65454	54719	64009	59389	43104	53719	41734	34324	56593	84550	38838	52192	32957	58512	69371	40275	40135	52951	42077
67486	66661	61478	71310	45988	55215	63656	31228	39927	38619	65985	49447	56925	61614	48259	40754	43960	64551	57097	64682	58559	43547	54053	41301	34817	56818	82035	40396	54684	32822	57530	69515	39048	40699	52572	42188
67542	66065	61024	69787	45278	56075	63677	30913	39346	39258	69446	48038	55083	60522	47935	40978	44368	63647	59476	65354	57728	43991	54387	40868	35310	57044	79519	41954	57177	32686	56548	69659	37822	41263	52194	42298
67597	65468	60571	68264	44569	56935	63698	30598	38765	39897	72908	46629	53241	59430	47611	41202	44775	62744	61855	66027	56898	44435	54722	40434	35803	57269	77003	43513	59670	32551	55566	69803	36595	41827	51815	42409
67652	64871	60117	66741	43860	57794	63718	30284	38184	40536	76369	45220	51400	58338	47288	41426	45182	61841	64234	66700	56067	44879	55056	40001	36296	57495	74488	45071	62163	32416	54584	69948	35369	42391	51437	42519
67708	64275	59664	65218	43151	58654	63739	29969	37603	41175	79830	43811	49558	57246	46964	41650	45590	60937	66613	67372	55237	45323	55390	39568	36789	57720	71972	46629	64655	32280	53602	70092	34143	42954	51058	42629
67763	63678	59211	63695	42441	59514	63760	29654	37022	41814	83292	42403	47717	56154	46640	41874	45997	60034	68992	68045	54406	45767	55724	39134	37282	57946	69456	48188	67148	32145	52619	70236	32916	43518	50680	42740
65703	61374	58742	64296	43618	58567	63968	30045	37785	42311	79394	42479	47486	56459	45934	41617	45463	58443	67003	67142	53962	44941	54321	39813	37870	57244	67675	47977	67434	32502	52314	71020	33268	43636	51257	41903
63643	59070	58273	64898	44794	57619	64176	30436	38548	42808	75497	42556	47255	56764	45229	41361	44929	56851	65014	66240	53518	44114	52918	40492	38458	56543	65894	47766	67720	32859	52010	71804	33621	43753	51833	41066
61584	56766	57804	65500	45970	56671	64385	30827	39311	43305	71599	42633	47025	57069	44523	41105	44394	55259	63025	65337	53073	43288	51514	41171	39046	55841	64114	47556	68006	33216	51705	72587	33973	43871	52410	40229
59524	54462	57335	66102	47146	55724	64593	31218	40075	43802	67701	42709	46794	57375	43818	40848	43860	53668	61036	64435	52629	42461	50111	41850	39634	55139	62333	47345	68292	33573	51400	73371	34325	43989	52987	39392
57464	52158	56866	66703	48323	54776	64801	31610	40838	44299	63804	42786	46563	57680	43112	40592	43326	52076	59047	63532	52184	41635	48708	42529	40222	54438	60552	47134	68578	33930	51095	74155	34677	44106	53564	38555
55404	49854	56397	67305	49499	53828	65009	32001	41601	44796	59906	42863	46333	57985	42406	40336	42791	50485	57057	62630	51740	40809	47304	43208	40810	53736	58771	46924	68865	34287	50790	74939	35030	44224	54141	37718
53344	47549	55928	67907	50675	52880	65218	32392	42364	45293	56008	42940	46102	58291	41701	40079	42257	48893	55068	61727	51295	39982	45901	43886	41399	53034	56990	46713	69151	34644	50485	75723	35382	44341	54718	36882
52934	47777	55254	66782	50978	52538	64265	32477	42991	44984	56671	43513	47030	58703	41121	40319	42536	48381	53994	61257	50070	39726	45817	43180	41497	51759	56444	45746	66324	34486	49807	72642	36069	43386	54505	36219
52524	48004	54580	65657	51280	52195	63312	32563	43618	44675	57334	44087	47958	59115	40541	40559	42816	47869	52920	60788	48845	39469	45733	42473	41595	50484	55897	44780	63497	34328	49130	69562	36756	42431	54293	35556
52114	48231	53905	64532	51583	51852	62359	32648	44246	44366	57997	44661	48886	59528	39961	40799	43095	47356	51845	60318	47620	39213	45649	41767	41694	49208	55351	43813	60671	34171	48452	66481	37443	41476	54081	34893
51703	48458	53231	63407	51886	51509	61406	32734	44873	44057	58660	45234	49814	59940	39380	41039	43375	46844	50771	59848	46395	38957	45565	41060	41792	47933	54804	42846	57844	34013	47774	63401	38130	40521	53869	34230
51293	48685	52557	62282	52189	51167	60454	32819	45500	43749	59322	45808	50743	60353	38800	41279	43654	46332	49697	59378	45170	38700	45481	40353	41890	46658	54258	41880	55017	33856	47097	60320	38818	39565	53656	33567
50883	48912	51882	61157	52491	50824	59501	32904	46127	43440	59985	46381	51671	60765	38220	41519	43933	45819	48622	58908	43945	38444	45398	39647	41989	45383	53711	40913	52190	33698	46419	57240	39505	38610	53444	32904
50473	49140	51208	60032	52794	50481	58548	32990	46754	43131	60648	46955	52599	61177	37640	41759	44213	45307	47548	58438	42720	38187	45314	38940	42087	44107	53164	39946	49364	33540	45741	54159	40192	37655	53232	32241
49574	49035	50819	58998	51797	51852	58628	33089	46099	42619	60477	48110	52342	60825	37516	43844	44128	45635	46964	59179	41670	37661	45309	38479	41436	44084	52705	39657	49470	32859	45866	53662	40554	37479	52499	32118
48676	48930	50431	57964	50800	53222	58707	33188	45443	42108	60306	49265	52084	60473	37391	45929	44043	45963	46380	59920	40619	37135	45303	38018	40786	44060	52245	39368	49577	32178	45992	53164	40916	37304	51766	31996
47777	48825	50042	56930	49802	54593	58787	33287	44788	41596	60135	50420	51827	60121	37267	48013	43959	46291	45796	60662	39569	36609	45298	37557	40135	44036	51785	39078	49684	31496	46117	52667	41278	37128	51033	31873
46879	48720	49654	55896	48805	55963	58867	33385	44132	41085	59964	51575	51570	59768	37143	50098	43874	46620	45212	61403	38518	36083	45293	37096	39484	44013	51325	38789	49791	30815	46242	52170	41640	36953	50300	31750
45980	48615	49265	54862	47808	57334	58946	33484	43477	40573	59793	52730	51313	59416	37018	52183	43789	46948	44627	62144	37468	35557	45288	36635	38833	43989	50865	38499	49898	30134	46368	51672	42002	36777	49568	31627
45082	48511	48877	53828	46811	58704	59026	33583	42821	40062	59622	53885	51056	59064	36894	54267	43704	47276	44043	62886	36418	35031	45283	36174	38182	43965	50405	38210	50004	29452	46493	51175	42364	36602	48835	31505
44183	48406	48488	52794	45814	60075	59106	33682	42166	39550	59451	55040	50799	58711	36769	56352	43620	47604	43459	63627	35367	34505	45278	35713	37532	43942	49945	37921	50111	28771	46618	50677	42726	36426	48102	31382
43954	48170	48605	51994	45084	58676	58646	33834	41417	40140	60248	53730	49933	58251	38402	55738	43131	47137	42890	63287	35196	34420	44500	35137	36819	44681	49711	37276	49829	29181	46127	50302	42788	35821	47594	31265
43726	47935	48721	51195	44354	57277	58186	33986	40667	40730	61045	52421	49067	57790	40035	55123	42643	46670	42322	62946	35024	34336	43723	34562	36107	45420	49477	36631	49548	29592	45636	49926	42849	35216	47086	31148
43497	47700	48838	50395	43625	55878	57727	34137	39918	41321	61842	51111	48201	57329	41668	54509	42154	46203	41753	62606	34852	34251	42946	33987	35394	46160	49243	35986	49266	30002	45145	49551	42911	34611	46579	31031
43268	47465	48954	49595	42895	54479	57267	34289	39168	41911	62638	49801	47335	56868	43301	53894	41666	45735	41184	62266	34681	34166	42169	33412	34682	46899	49008	35342	48984	30412	44654	49175	42973	34005	46071	30913
43039	47229	49071	48796	42165	53081	56808	34441	38419	42501	63435	48492	46469	56407	44934	53280	41178	45268	40615	61925	34509	34081	41391	32837	33969	47638	48774	34697	48702	30823	44164	48799	43034	33400	45563	30796
42811	46994	49187	47996	41436	51682	56348	34593	37669	43091	64232	47182	45604	55946	46567	52665	40689	44801	40046	61585	34337	33997	40614	32262	33257	48378	48540	34052	48420	31233	43673	48424	43096	32795	45055	30679
42582	46759	49304	47196	40706	50283	55888	34745	36920	43681	65029	45872	44738	55485	48200	52051	40201	44334	39478	61245	34166	33912	39837	31686	32544	49117	48306	33407	48139	31644	43182	48048	43158	32190	44548	30562
41693	47152	47984	47129	40193	49427	55117	34403	36751	43150	63054	45484	44351	54647	47204	51672	39858	44186	39601	61857	34178	33617	40004	31823	32176	47720	48006	33688	47035	32436	42252	48099	42924	32039	43922	30496
40804	47545	46664	47062	39680	48571	54346	34061	36583	42619	61078	45097	43965	53810	46208	51293	39516	44037	39725	62469	34190	33323	40171	31960	31809	46324	47705	33969	45931	33229	41323	48151	42690	31888	43297	30429
39915	47938	45344	46995	39168	47716	53575	33719	36414	42088	59103	44709	43578	52972	45212	50914	39173	43889	39849	63081	34202	33028	40337	32096	31441	44927	47405	34250	44827	34022	40394	48202	42456	31736	42672	30363
39026	48330	44024	46928	38655	46860	52804	33378	36245	41557	57128	44321	43192	52134	44215	50535	38831	43741	39973	63693	34214	32733	40504	32233	31073	43530	47105	34531	43723	34815	39464	48253	42222	31585	42047	30297
38137	48723	42704	46861	38142	46004	52032	33036	36077	41026	55153	43934	42805	51296	43219	50156	38489	43593	40097	64305	34227	32439	40671	32370	30705	42134	46805	34813	42619	35608	38535	48304	41988	31434	41421	30231
37248	49116	41383	46794	37629	45149	51261	32694	35908	40494	53178	43546	42419	50458	42223	49778	38146	43445	40221	64917	34239	32144	40838	32506	30337	40737	46505	35094	41515	36401	37606	48356	41754	31283	40796	30165
36359	49509	40063	46727	37117	44293	50490	32352	35740	39963	51203	43158	42032	49621	41227	49399	37804	43296	40345	65529	34251	31850	41005	32643	29969	39341	46205	35375	40411	37194	36677	48407	41520	31132	40171	30098
35756	49616	39996	46450	36809	43648	50438	32174	35203	39223	50038	42674	41757	49615	40598	48667	37603	42478	39957	65157	33926	31788	40724	33975	29893	38816	45458	35116	39562	36884	36217	48395	42039	30931	39725	30054
35153	49722	39930	46172	36502	43004	50385	31996	34666	38483	48872	42189	41482	49610	39969	47935	37402	41661	39569	64784	33601	31726	40443	35307	29816	38291	44711	34857	38714	36574	35757	48384	42559	30730	39279	30009
34550	49829	39863	45895	36195	42359	50333	31817	34129	37743	47707	41704	41206	49605	39340	47203	37201	40843	39181	64411	33276	31664	40162	36639	29740	37766	43964	34599	37865	36264	35298	48372	43078	30528	38833	29965
33947	49936	39796	45618	35887	41714	50281	31639	33592	37003	46541	41219	40931	49600	38711	46471	37000	40025	38794	64039	32952	31602	39881	37971	29664	37241	43217	34340	37017	35955	34838	48361	43598	30327	38387	29920
33344	50042	39729	45341	35580	41069	50229	31461	33055	36263	45376	40735	40656	49595	38082	45739	36800	39207	38406	63666	32627	31540	39600	39303	29587	36716	42470	34081	36169	35645	34378	48349	44117	30126	37941	29876
32741	50149	39662	45064	35273	40425	50176	31283	32518	35523	44211	40250	40380	49590	37453	45007	36599	38389	38018	63293	32302	31478	39320	40635	29511	36192	41723	33822	35320	35335	33919	48338	44636	29925	37495	29831
32138	50256	39595	44786	34965	39780	50124	31104	31981	34783	43045	39765	40105	49585	36824	44275	36398	37571	37630	62920	31977	31416	39039	41967	29435	35667	40976	33564	34472	35025	33459	48326	45156	29724	37049	29786
32172	49749	39617	44151	35028	39273	49865	30953	31713	34583	42253	39608	39465	49121	36811	43626	35583	36974	37578	61690	31750	31501	38607	40720	29336	35394	40522	33342	34450	34274	33202	48347	45044	29489	36747	29799
32207	49242	39638	43516	35091	38767	49607	30801	31446	34384	41460	39450	38824	48658	36798	42978	34767	36377	37525	60460	31523	31587	38176	39473	29236	35121	40067	33120	34429	33522	32945	48369	44932	29253	36445	29811
32241	48734	39660	42880	35154	38260	49348	30650	31178	34184	40668	39292	38184	48194	36785	42329	33952	35780	37473	59230	31296	31672	37744	38227	29137	34848	39613	32899	34407	32771	32687	48390	44820	29018	36143	29823
32276	48227	39681	42245	35217	37754	49089	30498	30910	33985	39875	39135	37543	47731	36772	41681	33137	35183	37420	58000	31069	31758	37313	36980	29038	34575	39159	32677	34386	32020	32430	48412	44709	28783	35841	29835
32311	47720	39703	41610	35279	37247	48831	30347	30642	33785	39083	38977	36903	47267	36758	41033	32321	34586	37368	56770	30842	31843	36881	35733	28939	34302	38705	32456	34364	31268	32173	48433	44597	28547	35539	29847
32345	47213	39725	40975	35342	36741	48572	30195	30374	33586	38290	38819	36263	46804	36745	40384	31506	33989	37315	55540	30614	31929	36450	34486	28840	34030	38251	32234	34343	30517	31916	48455	44485	28312	35237	29859
32380	46706	39746	40339	35405	36234	48314	30044	30107	33386	37498	38662	35622	46340	36732	39736	30690	33391	37263	54310	30387	32014	36018	33240	28741	33757	37797	32012	34321	29766	31659	48476	44373	28077	34936	29872
32647	46281	39218	39996	35006	35922	47618	29968	30200	32803	37335	37991	35544	45855	36163	39526	31015	33419	37371	53937	30761	31990	36426	33004	28754	34720	37383	31952	34282	29463	31328	47796	43552	28812	34845	29707
32915	45856	38690	39652	34606	35610	46922	29892	30292	32219	37172	37319	35465	45370	35593	39315	31339	33447	37478	53563	31136	31967	36833	32769	28767	35683	36969	31892	34243	29160	30997	47116	42732	29547	34754	29542
33182	45431	38162	39308	34207	35298	46226	29816	30385	31635	37009	36648	35387	44884	35024	39105	31663	33474	37586	53189	31510	31943	37241	32533	28780	36646	36555	31831	34204	28857	30666	46436	41911	30282	34663	29377
33449	45006	37634	38965	33807	34986	45530	29741	30478	31051	36846	35977	35308	44399	34455	38894	31987	33502	37693	52815	31884	31919	37648	32297	28793	37609	36141	31771	34165	28554	30335	45756	41090	31017	34573	29212
33717	44582	37106	38621	33408	34674	44834	29665	30571	30467	36683	35306	35230	43914	33885	38684	32312	33529	37801	52441	32258	31896	38056	32062	28806	38572	35727	31711	34126	28251	30004	45075	40269	31752	34482	29047
33984	44157	36578	38277	33008	34361	44138	29589	30664	29883	36520	34634	35151	43428	33316	38474	32636	33557	37908	52067	32632	31872	38463	31826	28819	39535	35313	31650	34087	27948	29673	44395	39448	32487	34391	28882
34251	43732	36049	37934	32609	34049	43442	29513	30757	29299	36357	33963	35073	42943	32746	38263	32960	33585	38016	51694	33006	31848	38871	31591	28832	40498	34899	31590	34048	27645	29342	43715	38628	33222	34300	28717
34259	43201	35884	37831	32495	33961	42941	29477	30716	29279	35584	33547	34961	42498	32950	37552	33133	34195	37541	51195	33045	31690	38521	31653	28674	40285	35081	31533	34070	27772	29581	43093	38619	33596	34447	28839
34266	42671	35718	37728	32382	33873	42440	29440	30675	29260	34812	33131	34850	42053	33153	36841	33306	34806	37067	50696	33085	31531	38172	31716	28515	40071	35263	31475	34092	27900	29819	42472	38610	33970	34594	28962
34273	42141	35552	37625	32268	33785	41939	29404	30634	29241	34039	32715	34739	41607	33356	36129	33479	35417	36592	50198	33124	31372	37823	31778	28357	39857	35445	31418	34114	28028	30057	41850	38602	34343	34741	29084
34281	41610	35386	37522	32155	33696	41438	29367	30593	29221	33267	32299	34627	41162	33559	35418	33652	36028	36118	49699	33163	31214	37473	31840	28199	39644	35626	31360	34136	28156	30296	41228	38593	34717	34888	29206
34288	41080	35220	37419	32041	33608	40936	29330	30553	29202	32494	31883	34516	40717	33762	34707	33825	36638	35643	49200	33202	31055	37124	31903	28040	39430	35808	31303	34158	28284	30534	40606	38585	35091	35035	29328
34295	40550	35054	37316	31927	33520	40435	29294	30512	29183	31722	31467	34404	40271	33966	33995	33998	37249	35169	48702	33241	30897	36775	31965	27882	39217	35990	31246	34180	28412	30772	39984	38576	35464	35182	29450
34303	40019	34888	37213	31814	33432	39934	29257	30471	29163	30949	31051	34293	39826	34169	33284	34171	37860	34694	48203	33280	30738	36425	32027	27724	39003	36172	31188	34202	28540	31011	39362	38568	35838	35329	29573
34063	39155	34718	37164	31885	33103	39711	29237	30578	29234	31077	31020	34254	39101	34277	32632	33974	37730	34443	47645	32908	30589	37346	32531	28143	38956	36140	31272	33922	28722	31034	39203	38063	35290	35051	29600
33823	38291	34548	37115	31956	32775	39488	29217	30685	29305	31204	30988	34215	38375	34386	31980	33777	37600	34191	47087	32535	30440	38266	33035	28563	38909	36107	31355	33642	28905	31057	39044	37559	34741	34773	29627
33583	37427	34378	37066	32028	32447	39264	29197	30791	29376	31331	30957	34176	37650	34495	31328	33581	37470	33939	46528	32162	30291	39187	33539	28983	38862	36075	31438	33362	29087	31080	38885	37055	34193	34495	29654
33344	36563	34208	37017	32099	32119	39041	29176	30898	29447	31459	30925	34137	36924	34603	30676	33384	37340	33688	45970	31789	30142	40107	34042	29402	38815	36043	31521	33082	29269	31103	38726	36551	33645	34217	29681
33104	35698	34037	36968	32170	31791	38818	29156	31005	29518	31586	30894	34098	36199	34712	30024	33188	37210	33436	45412	31416	29993	41028	34546	29822	38768	36011	31605	32802	29452	31126	38567	36047	33097	33939	29708
32864	34834	33867	36919	32242	31463	38595	29136	31112	29589	31713	30862	34059	35473	34820	29372	32991	37080	33184	44854	31043	29844	41948	35050	30242	38720	35978	31688	32522	29634	31150	38408	35542	32548	33661	29735
32624	33970	33697	36870	32313	31135	38371	29116	31219	29660	31840	30831	34020	34748	34929	28720	32795	36950	32932	44295	30670	29695	42869	35554	30661	38673	35946	31771	32242	29816	31173	38248	35038	32000	33383	29762
32781	34149	33371	37207	32420	31950	38100	29188	30800	29721	31656	30762	33944	34603	35139	28979	33126	36476	32945	44138	31078	29720	43221	35426	31040	38389	35599	31670	31961	29462	30896	38142	34693	32263	33428	29666
32938	34328	33044	37545	32527	32764	37828	29261	30381	29782	31472	30693	33868	34457	35349	29237	33457	36001	32958	43980	31486	29745	43573	35298	31419	38105	35251	31569	31680	29107	30620	38035	34348	32526	33473	29570
33095	34507	32718	37883	32635	33579	37557	29333	29962	29843	31288	30624	33792	34312	35558	29495	33789	35527	32970	43823	31894	29771	43925	35169	31798	37821	34903	31468	31399	28752	30343	37928	34003	32789	33518	29473
33253	34685	32392	38221	32742	34394	37285	29406	29543	29905	31103	30556	33716	34167	35768	29754	34120	35052	32983	43666	32302	29796	44277	35041	32176	37536	34556	31367	31118	28397	30067	37821	33658	33051	33564	29377
33410	34864	32066	38558	32849	35208	37014	29478	29123	29966	30919	30487	33640	34021	35978	30012	34451	34578	32995	43508	32709	29821	44629	34913	32555	37252	34208	31266	30837	28042	29790	37714	33313	33314	33609	29280
33567	35043	31739	38896	32957	36023	36742	29551	28704	30027	30735	30418	33564	33876	36188	30270	34782	34103	33008	43351	33117	29847	44981	34785	32934	36968	33861	31166	30556	27687	29514	37607	32968	33577	33654	29184
33724	35222	31413	39234	33064	36837	36471	29623	28285	30088	30551	30349	33488	33731	36398	30529	35114	33629	33020	43193	33525	29872	45333	34657	33313	36683	33513	31065	30275	27332	29237	37500	32623	33840	33699	29087
33548	35200	31500	38669	32860	35902	36393	29832	28470	30099	30897	30367	33323	33755	35918	30795	34337	33346	32981	43109	33950	29734	44589	34120	33037	36481	33743	31010	30541	27421	29480	37317	32614	33824	33662	28928
33373	35179	31587	38104	32657	34967	36316	30041	28656	30109	31243	30384	33158	33780	35439	31061	33561	33064	32942	43025	34374	29597	43845	33582	32761	36279	33972	30955	30807	27510	29723	37134	32605	33808	33625	28770
33198	35157	31673	37540	32453	34031	36239	30250	28841	30120	31589	30401	32993	33805	34959	31327	32784	32782	32902	42941	34799	29460	43101	33045	32485	36076	34202	30900	31073	27599	29966	36951	32595	33791	33588	28611
33022	35136	31760	36975	32249	33096	36162	30458	29026	30131	31936	30419	32828	33829	34480	31593	32008	32500	32863	42857	35224	29322	42356	32508	32209	35874	34432	30845	31339	27688	30209	36769	32586	33775	33550	28452
32847	35114	31847	36410	32046	32161	36085	30667	29211	30141	32282	30436	32663	33854	34000	31859	31232	32218	32824	42773	35648	29185	41612	31970	31933	35671	34661	30790	31605	27777	30452	36586	32577	33759	33513	28293
32671	35093	31934	35845	31842	31226	36008	30876	29396	30152	32628	30453	32498	33879	33521	32125	30455	31936	32785	42689	36073	29048	40868	31433	31658	35469	34891	30735	31871	27866	30695	36403	32567	33743	33476	28135
32496	35071	32021	35281	31638	30290	35931	31085	29582	30163	32974	30471	32333	33903	33041	32391	29679	31654	32745	42604	36497	28911	40124	30896	31382	35266	35121	30680	32137	27955	30938	36220	32558	33727	33439	27976
32369	35275	31977	35286	31487	30250	35919	31008	29746	29964	32699	30747	33523	34303	33067	32412	30564	31846	33073	42484	37370	29078	39815	31016	31639	35493	36087	31333	31913	27920	30844	35861	32269	33275	33354	28197
32242	35478	31934	35291	31336	30211	35908	30932	29911	29764	32424	31023	34712	34702	33093	32434	31449	32038	33401	42363	38242	29246	39506	31136	31896	35720	37053	31985	31689	27885	30750	35503	31979	32823	33270	28419
32115	35681	31891	35296	31185	30171	35897	30855	30075	29565	32149	31299	35902	35101	33119	32456	32334	32231	33729	42242	39114	29414	39198	31256	32153	35947	38019	32638	31464	27849	30656	35144	31689	32371	33185	28640
31988	35885	31848	35301	31034	30131	35886	30779	30240	29366	31874	31575	37092	35500	33145	32478	33220	32423	34056	42122	39986	29582	38889	31376	32411	36174	38986	33291	31240	27814	30562	34785	31400	31919	33101	28862
31861	36088	31805	35306	30883	30091	35875	30702	30404	29167	31598	31851	38282	35899	33171	32500	34105	32615	34384	42001	40858	29750	38581	31497	32668	36401	39952	33943	31016	27779	30468	34427	31110	31467	33016	29083
31734	36292	31761	35311	30732	30051	35864	30626	30569	28968	31323	32127	39472	36298	33197	32521	34990	32808	34712	41880	41730	29918	38272	31617	32925	36627	40918	34596	30792	27743	30374	34068	30820	31016	32932	29305
31607	36495	31718	35316	30581	30011	35853	30549	30733	28769	31048	32403	40661	36698	33223	32543	35876	33000	35040	41760	42602	30085	37963	31737	33182	36854	41884	35249	30568	27708	30280	33709	30531	30564	32847	29526
31399	36828	32517	35275	30024	30192	35577	30402	30555	28827	31303	33635	41961	37735	34418	32728	35688	32479	34812	41883	42525	30227	37881	31931	32351	36780	41747	35232	30720	27851	30294	34096	30450	30847	32160	29830
31190	37161	33316	35235	29467	30372	35302	30255	30377	28885	31558	34867	43262	38772	35613	32913	35501	31958	34585	42005	42449	30368	37799	32124	31520	36706	41610	35215	30872	27993	30307	34483	30369	31130	31472	30133
30982	37494	34115	35194	28911	30553	35026	30108	30199	28944	31813	36098	44562	39808	36807	33097	35313	31438	34358	42128	42372	30509	37717	32318	30689	36631	41473	35199	31024	28135	30321	34870	30288	31413	30784	30436
30773	37827	34914	35153	28354	30733	34751	29960	30021	29002	32067	37330	45862	40845	38002	33282	35126	30917	34130	42251	42296	30651	37635	32512	29857	36557	41336	35182	31176	28278	30335	35257	30207	31696	30096	30739
30564	38161	35713	35113	27797	30914	34476	29813	29842	29060	32322	38562	47162	41882	39197	33467	34938	30396	33903	42374	42219	30792	37552	32705	29026	36483	41199	35166	31327	28420	30349	35644	30126	31979	29409	31042
30356	38494	36513	35072	27240	31094	34200	29666	29664	29119	32577	39794	48462	42919	40392	33652	34751	29875	33675	42497	42143	30933	37470	32899	28195	36409	41062	35149	31479	28563	30363	36031	30045	32262	28721	31345
30147	38827	37312	35032	26683	31275	33925	29519	29486	29177	32832	41026	49762	43956	41586	33836	34564	29354	33448	42620	42066	31075	37388	33093	27364	36335	40925	35132	31631	28705	30377	36418	29963	32545	28033	31648
30079	38690	39885	35010	27096	31856	34061	29444	29732	28537	32869	46923	50555	44351	41684	33945	34531	29611	34030	42805	41681	30989	37462	32886	28584	36227	40085	34710	31237	28643	30682	36171	30232	32546	28447	31520
30011	38554	42459	34988	27509	32437	34197	29370	29978	27898	32907	52820	51348	44746	41781	34053	34499	29867	34613	42989	41295	30903	37536	32680	29805	36120	39244	34289	30843	28581	30987	35923	30501	32547	28861	31393
29942	38417	45033	34967	27922	33018	34334	29295	30225	27258	32944	58718	52141	45140	41879	34161	34466	30123	35196	43174	40910	30818	37610	32473	31026	36013	38404	33867	30449	28518	31292	35676	30769	32548	29275	31265
29874	38281	47607	34945	28335	33599	34470	29221	30471	26618	32981	64615	52935	45535	41977	34269	34434	30379	35778	43358	40525	30732	37684	32267	32246	35905	37564	33445	30054	28456	31597	35428	31038	32548	29689	31138
29805	38144	50181	34923	28748	34180	34606	29146	30717	25979	33018	70512	53728	45930	42074	34377	34401	30635	36361	43543	40140	30646	37758	32060	33467	35798	36724	33023	29660	28394	31903	35181	31306	32549	30103	31010
29737	38008	52754	34902	29161	34761	34742	29072	30963	25339	33056	76410	54521	46324	42172	34485	34369	30892	36944	43727	39754	30561	37832	31853	34687	35691	35883	32601	29266	28331	32208	34933	31575	32550	30516	30883
29668	37871	55328	34880	29573	35342	34879	28997	31209	24699	33093	82307	55314	46719	42269	34593	34336	31148	37527	43912	39369	30475	37905	31647	35908	35584	35043	32179	28871	28269	32513	34686	31843	32551	30930	30755
29826	38040	56434	34822	29828	35233	34869	29240	31308	25006	36040	79895	54957	46542	41548	34646	36581	31867	38693	44413	39074	30566	37989	31059	36025	35998	34870	32215	28667	28481	32692	35479	31937	32662	31283	30625
29983	38210	57539	34765	30083	35124	34859	29482	31407	25313	38988	77483	54600	46364	40826	34699	38826	32586	39859	44914	38779	30657	38072	30472	36142	36413	34697	32250	28464	28693	32870	36272	32031	32774	31636	30494
30141	38379	58644	34707	30337	35016	34850	29725	31505	25619	41935	75072	54242	46187	40104	34752	41071	33306	41025	45415	38483	30748	38156	29885	36259	36828	34525	32286	28260	28905	33049	37065	32125	32885	31989	30363
30298	38549	59750	34649	30592	34907	34840	29967	31604	25926	44883	72660	53885	46009	39383	34805	43316	34025	42191	45916	38188	30839	38239	29297	36375	37242	34352	32322	28056	29116	33228	37858	32219	32997	32342	30233
30456	38718	60855	34591	30846	34798	34831	30210	31702	26232	47830	70248	53528	45832	38661	34858	45561	34744	43357	46416	37893	30930	38323	28710	36492	37657	34179	32358	27852	29328	33406	38652	32313	33108	32694	30102
30613	38887	61960	34534	31101	34689	34821	30452	31801	26539	50778	67836	53171	45654	37940	34911	47806	35464	44523	46917	37598	31021	38406	28122	36609	38072	34006	32393	27648	29540	33585	39445	32406	33220	33047	29971
30771	39057	63066	34476	31356	34580	34812	30695	31899	26845	53725	65424	52813	45477	37218	34964	50051	36183	45689	47418	37303	31112	38489	27535	36726	38486	33834	32429	27444	29752	33764	40238	32500	33332	33400	29841
32720	38789	63085	34510	31569	35708	34990	31096	31774	27254	55655	66374	52462	45804	37781	34727	51210	35826	44994	47087	37541	31541	38287	27437	36795	38561	34300	32260	28769	29658	34276	40451	31869	33869	33453	29913
34669	38521	63104	34545	31782	36836	35168	31497	31648	27663	57584	67323	52110	46130	38343	34489	52370	35470	44300	46755	37780	31970	38086	27338	36864	38635	34766	32091	30094	29564	34789	40665	31238	34406	33506	29985
36618	38253	63123	34579	31995	37965	35346	31899	31522	28072	59514	68272	51759	46457	38906	34252	53529	35113	43605	46423	38019	32399	37884	27240	36932	38709	35233	31922	31419	29470	35301	40878	30606	34943	33558	30058
38568	37985	63143	34613	32208	39093	35524	32300	31397	28481	61443	69221	51407	46784	39469	34014	54689	34757	42911	46092	38258	32827	37682	27142	37001	38784	35699	31752	32744	29376	35814	41092	29975	35481	33611	30130
40517	37717	63162	34648	32421	40221	35702	32702	31271	28890	63373	70170	51055	47110	40031	33777	55849	34400	42216	45760	38496	33256	37480	27044	37070	38858	36166	31583	34069	29282	36326	41305	29344	36018	33664	30202
42466	37449	63181	34682	32634	41349	35880	33103	31145	29299	65302	71119	50704	47437	40594	33539	57008	34043	41522	45429	38735	33685	37278	26946	37139	38932	36632	31414	35393	29188	36839	41519	28713	36555	33717	30275
44415	37181	63200	34717	32847	42477	36057	33504	31020	29708	67232	72069	50352	47764	41156	33302	58168	33687	40827	45097	38974	34114	37076	26848	37207	39006	37098	31245	36718	29095	37352	41732	28081	37093	33769	30347
45131	36622	61683	34793	33297	41524	35557	33235	30371	30058	67000	72902	50582	47414	40730	33609	56941	34092	43678	44817	38722	34271	37331	27142	37611	38925	36725	31411	37384	29227	37155	41803	27942	36969	33598	30341
45847	36063	60167	34869	33748	40570	35057	32966	29723	30407	66769	73735	50811	47064	40304	33917	55714	34497	46529	44536	38469	34429	37586	27436	38014	38843	36351	31578	38050	29359	36959	41874	27803	36846	33426	30334
46563	35504	58650	34946	34198	39616	34557	32697	29074	30756	66537	74568	51041	46715	39877	34225	54487	34903	49380	44256	38217	34587	37842	27731	38417	38762	35978	31745	38716	29492	36762	41944	27663	36723	33254	30328
47279	34945	57133	35022	34648	38662	34056	32427	28425	31106	66305	75401	51271	46365	39451	34533	53261	35308	52231	43976	37964	34745	38097	28025	38820	38680	35604	31912	39382	29624	36566	42015	27524	36599	33082	30321
47995	34386	55616	35098	35098	37709	33556	32158	27777	31455	66074	76234	51500	46016	39025	34841	52034	35714	55083	43696	37712	34903	38352	28319	39223	38599	35231	32078	40048	29756	36369	42086	27385	36476	32911	30315
48711	33827	54100	35175	35548	36755	33056	31889	27128	31805	65842	77067	51730	45666	38599	35149	50807	36119	57934	43415	37460	35061	38607	28613	39627	38517	34858	32245	40714	29889	36173	42156	27245	36353	32739	30309
49427	33267	52583	35251	35998	35801	32555	31620	26479	32154	65611	77900	51960	45316	38172	35457	49580	36524	60785	43135	37207	35219	38862	28907	40030	38435	34484	32412	41380	30021	35976	42227	27106	36230	32567	30302
49465	33400	51518	35345	36897	35067	33007	31506	27830	32556	65930	76923	51606	44968	38168	35647	49396	36802	58871	44104	38734	36186	37741	29507	39005	38922	35260	32971	41073	30062	34432	41713	27590	36074	32192	30113
49504	33533	50453	35438	37795	34332	33459	31393	29181	32959	66250	75946	51253	44621	38164	35836	49212	37079	56957	45073	40261	37154	36620	30106	37981	39408	36036	33530	40767	30103	32887	41199	28074	35918	31817	29923
49543	33666	49388	35531	38694	33598	33911	31279	30532	33361	66569	74970	50899	44273	38159	36026	49028	37357	55044	46042	41787	38122	35498	30705	36957	39894	36812	34089	40460	30144	31342	40685	28558	35763	31442	29734
49581	33799	48323	35625	39593	32863	34363	31166	31883	33763	66889	73993	50546	43925	38155	36216	48844	37635	53130	47011	43314	39089	34377	31305	35933	40381	37588	34649	40153	30185	29798	40170	29042	35607	31067	29544
49620	33932	47258	35718	40492	32129	34814	31052	33233	34166	67209	73016	50192	43577	38150	36405	48660	37912	51217	47980	44840	40057	33256	31904	34908	40867	38364	35208	39847	30225	28253	39656	29525	35452	30692	29355
49658	34065	46193	35811	41390	31394	35266	30939	34584	34568	67528	72040	49839	43229	38146	36595	48475	38190	49303	48949	46367	41024	32134	32504	33884	41354	39140	35767	39540	30266	26709	39142	30009	35296	30317	29165
49697	34198	45128	35905	42289	30660	35718	30826	35935	34971	67848	71063	49485	42881	38142	36785	48291	38467	47390	49918	47894	41992	31013	33103	32860	41840	39917	36326	39233	30307	25164	38628	30493	35141	29942	28975
48897	34622	44897	36343	42181	30089	36269	30818	37858	35296	71777	69850	48447	42949	37764	36932	51566	36326	46383	50545	47387	44943	31325	33129	33366	42481	42173	36036	39277	30185	26428	38874	31005	34977	29913	29239
48097	35047	44665	36782	42073	29519	36821	30810	39781	35622	75706	68636	47409	43018	37386	37080	54841	34184	45376	51172	46880	47894	31638	33155	33873	43122	44429	35746	39321	30062	27692	39121	31517	34813	29883	29503
47297	35472	44434	37220	41964	28948	37373	30802	41704	35947	79635	67422	46370	43086	37008	37228	58116	32043	44369	51799	46373	50845	31950	33181	34380	43764	46685	35455	39366	29939	28956	39368	32028	34649	29854	29766
46497	35897	44203	37659	41856	28378	37924	30795	43627	36273	83564	66209	45332	43154	36631	37375	61391	29901	43362	52426	45867	53796	32262	33206	34886	44405	48941	35165	39410	29816	30220	39615	32540	34485	29824	30030
45697	36322	43972	38098	41748	27807	38476	30787	45549	36599	87494	64995	44293	43222	36253	37523	64666	27760	42355	53053	45360	56747	32574	33232	35393	45046	51197	34874	39454	29693	31484	39861	33052	34321	29795	30294
44897	36746	43740	38536	41640	27237	39028	30779	47472	36924	91423	63781	43255	43291	35875	37671	67941	25618	41348	53680	44853	59698	32887	33258	35899	45688	53453	34584	39498	29571	32748	40108	33563	34158	29766	30557
44096	37171	43509	38975	41532	26666	39579	30771	49395	37250	95352	62568	42216	43359	35497	37818	71216	23477	40341	54307	44347	62649	33199	33284	36406	46329	55709	34294	39542	29448	34013	40355	34075	33994	29736	30821
43990	37336	43868	37559	41180	27732	39575	31675	48268	37679	93273	62466	47943	43068	35656	38416	69468	23718	44061	53708	45023	61557	34796	33337	36453	45437	58027	37168	40247	31089	34766	42510	33799	34226	30102	31153
43883	37501	44227	36144	40828	28798	39570	32578	47140	38108	91194	62364	53670	42777	35814	39014	67720	23959	47780	53109	45699	60465	36393	33390	36500	44544	60345	40042	40953	32730	35520	44665	33523	34458	30469	31486
43777	37666	44586	34728	40476	29864	39565	33481	46012	38537	89115	62263	59397	42486	35972	39611	65973	24201	51500	52510	46375	59372	37989	33443	36548	43652	62663	42916	41658	34372	36273	46820	33247	34691	30835	31818
43670	37831	44945	33312	40124	30930	39560	34385	44885	38966	87036	62161	65124	42195	36131	40209	64225	24442	55220	51911	47052	58280	39586	33495	36595	42760	64981	45790	42363	36013	37027	48975	32971	34923	31201	32151
43563	37995	45304	31896	39772	31996	39556	35288	43757	39395	84957	62059	70851	41904	36289	40807	62478	24684	58939	51313	47728	57188	41183	33548	36643	41868	67299	48665	43069	37654	37780	51130	32695	35156	31567	32483
43457	38160	45663	30481	39420	33062	39551	36192	42630	39824	82878	61958	76578	41613	36447	41404	60730	24925	62659	50714	48404	56095	42780	33601	36690	40975	69617	51539	43774	39296	38534	53285	32419	35388	31933	32816
43350	38325	46022	29065	39068	34128	39546	37095	41502	40253	80799	61856	82304	41322	36606	42002	58982	25167	66379	50115	49081	55003	44377	33654	36738	40083	71935	54413	44479	40937	39287	55440	32143	35620	32300	33148
44222	38284	48404	29508	38997	34017	39694	36773	40507	42796	78475	60366	80821	40786	39078	42797	57544	31316	67725	50720	50916	53828	45407	33304	36408	39936	70680	52521	45324	40803	39448	56016	33275	35703	32470	33496
45094	38243	50785	29951	38926	33907	39843	36452	39513	45338	76151	58876	79337	40251	41551	43593	56105	37465	69072	51324	52752	52653	46436	32953	36079	39789	69425	50629	46170	40669	39610	56592	34407	35787	32640	33844
45965	38202	53166	30394	38855	33797	39991	36130	38518	47881	73827	57386	77853	39715	44023	44388	54666	43614	70418	51929	54588	51479	47466	32603	35749	39642	68170	48737	47015	40536	39771	57167	35539	35870	32811	34192
46837	38161	55548	30837	38784	33686	40139	35808	37523	50424	71503	55896	76370	39180	46496	45184	53227	49763	71765	52534	56423	50304	48495	32252	35420	39495	66916	46846	47860	40402	39932	57743	36671	35953	32981	34539
47709	38120	57929	31280	38712	33576	40287	35486	36528	52966	69180	54406	74886	38644	48969	45979	51788	55912	73111	53139	58259	49129	49525	31902	35091	39347	65661	44954	48705	40268	40093	58319	37803	36036	33152	34887
48581	38079	60310	31723	38641	33466	40436	35165	35533	55509	66856	52916	73402	38108	51441	46774	50349	62061	74458	53744	60095	47954	50555	31551	34761	39200	64406	43062	49550	40134	40255	58894	38936	36119	33322	35235
49453	38038	62692	32165	38570	33355	40584	34843	34539	58052	64532	51426	71919	37573	53914	47570	48910	68210	75804	54349	61930	46779	51584	31201	34432	39053	63151	41170	50395	40000	40416	59470	40068	36202	33493	35583
49623	38609	61928	33007	38911	33631	40390	35638	36361	59688	68589	51064	71159	37422	55934	47741	49180	65327	75890	53934	62610	46662	51187	31602	35053	39410	63125	40377	51316	40055	39302	59501	41302	36109	33842	35399
49793	39179	61165	33848	39252	33907	40197	36433	38184	61325	72646	50702	70399	37272	57954	47912	49450	62445	75976	53519	63289	46544	50790	32004	35674	39768	63099	39585	52236	40109	38188	59532	42537	36016	34192	35214
49964	39749	60402	34689	39593	34182	40003	37227	40007	62961	76703	50340	69639	37121	59974	48083	49720	59563	76061	53104	63969	46427	50393	32406	36295	40125	63073	38792	53157	40163	37075	59564	43772	35923	34541	35030
50134	40320	59639	35531	39934	34458	39810	38022	41829	64598	80760	49978	68879	36971	61994	48254	49989	56681	76147	52688	64648	46309	49996	32807	36917	40482	63047	38000	54078	40217	35961	59595	45007	35830	34891	34846
50304	40890	58876	36372	40275	34734	39616	38817	43652	66234	84817	49616	68119	36820	64014	48426	50259	53799	76233	52273	65328	46192	49599	33209	37538	40839	63021	37207	54998	40271	34847	59626	46242	35737	35240	34662
50475	41461	58113	37213	40616	35010	39422	39612	45475	67871	88874	49254	67359	36670	66034	48597	50529	50916	76319	51858	66007	46074	49202	33610	38159	41197	62995	36415	55919	40326	33733	59657	47477	35643	35590	34477
50645	42031	57350	38055	40956	35285	39229	40407	47297	69507	92931	48893	66599	36519	68054	48768	50799	48034	76405	51443	66687	45957	48805	34012	38780	41554	62969	35622	56839	40380	32620	59688	48711	35550	35939	34293
52860	44104	55685	37971	41143	37644	39483	40193	50932	67415	89913	48705	65772	37133	72330	48302	51637	48397	80099	51392	68288	48698	48950	36172	39378	41794	67488	37161	58670	40084	33340	59929	48928	36019	37879	35721
55075	46176	54021	37887	41329	40002	39738	39979	54566	65322	86896	48517	64945	37747	76605	47836	52476	48759	83793	51341	69889	51440	49095	38333	39975	42033	72006	38700	60501	39787	34061	60170	49144	36488	39819	37148
57290	48249	52356	37803	41515	42360	39992	39765	58200	63230	83878	48329	64118	38361	80880	47370	53315	49121	87488	51290	71490	54181	49240	40494	40572	42273	76524	40239	62331	39491	34782	60411	49361	36957	41758	38575
59505	50321	50691	37719	41702	44718	40247	39551	61834	61137	80860	48141	63292	38975	85155	46904	54153	49484	91182	51239	73091	56923	49385	42654	41169	42513	81042	41778	64162	39195	35503	60653	49577	37426	43698	40003
61720	52394	49027	37635	41888	47077	40501	39337	65468	59045	77842	47953	62465	39590	89430	46438	54992	49846	94876	51188	74692	59664	49530	44815	41767	42752	85561	43317	65992	38899	36224	60894	49793	37894	45638	41430
63935	54467	47362	37551	42074	49435	40756	39124	69103	56952	74824	47765	61638	40204	93705	45972	55830	50209	98571	51137	76294	62405	49675	46975	42364	42992	90079	44856	67823	38603	36944	61135	50010	38363	47577	42858
66150	56539	45698	37467	42261	51793	41010	38910	72737	54860	71806	47577	60811	40818	97980	45506	56669	50571	102265	51086	77895	65147	49819	49136	42961	43232	94597	46395	69654	38306	37665	61376	50226	38832	49517	44285
65611	54823	46877	37231	42067	50463	42164	39090	71907	53928	70630	47966	59338	40141	98417	45516	57608	49449	98421	51175	78345	73855	50879	48385	41881	44424	92813	47132	69144	38703	40032	60691	51265	38597	49949	44756
65071	53106	48056	36995	41874	49132	43317	39270	71078	52997	69453	48354	57865	39465	98854	45527	58547	48327	94576	51265	78796	82564	51939	47633	40801	45616	91028	47870	68635	39100	42400	60006	52303	38362	50382	45227
64532	51390	49235	36759	41680	47802	44471	39451	70248	52066	68277	48742	56392	38788	99291	45537	59486	47204	90731	51355	79246	91273	52999	46882	39720	46809	89244	48607	68126	39497	44767	59322	53341	38127	50814	45698
63992	49673	50414	36523	41487	46472	45625	39631	69419	51135	67100	49130	54918	38111	99727	45548	60425	46082	86887	51445	79697	99981	54059	46131	38640	48001	87460	49344	67616	39894	47134	58637	54380	37892	51247	46169
63453	47957	51594	36287	41293	45142	46778	39811	68589	50204	65924	49518	53445	37435	100164	45558	61364	44959	83042	51535	80147	108690	55119	45379	37560	49194	85676	50081	67107	40291	49501	57953	55418	37657	51680	46640
62914	46241	52773	36051	41099	43811	47932	39991	67760	49272	64747	49906	51972	36758	100601	45568	62302	43837	79197	51624	80598	117399	56179	44628	36480	50386	83891	50818	66597	40688	51868	57268	56456	37422	52112	47111
62374	44524	53952	35815	40906	42481	49085	40172	66931	48341	63571	50294	50499	36082	101038	45579	63241	42715	75353	51714	81048	126107	57239	43877	35399	51578	82107	51555	66088	41085	54235	56583	57495	37187	52545	47582
61739	44877	54330	35918	40892	43470	48635	39980	68324	47882	65371	50250	48911	36514	102392	45642	61763	43325	74229	51813	77955	117154	59035	44771	35437	53149	83002	49581	66201	42014	54673	56017	56619	36941	52501	47288
61104	45230	54709	36021	40879	44459	48185	39788	69717	47423	67171	50206	47324	36946	103746	45704	60284	43935	73104	51911	74861	108201	60831	45665	35474	54720	83897	47607	66314	42944	55111	55450	55743	36696	52457	46995
60470	45583	55088	36123	40865	45448	47735	39596	71110	46964	68971	50161	45737	37378	105100	45767	58805	44545	71980	52010	71768	99248	62627	46560	35511	56292	84792	45632	66427	43874	55548	54884	54867	36450	52413	46701
59835	45935	55466	36226	40852	46437	47285	39404	72503	46505	70772	50117	44149	37810	106454	45830	57327	45155	70856	52108	68675	90295	64423	47454	35548	57863	85687	43658	66541	44804	55986	54317	53991	36205	52369	46407
59200	46288	55845	36329	40838	47426	46835	39213	73896	46046	72572	50073	42562	38242	107808	45893	55848	45766	69732	52207	65581	81341	66219	48349	35586	59434	86582	41684	66654	45733	56423	53751	53116	35959	52325	46113
58565	46641	56223	36431	40825	48416	46386	39021	75289	45587	74372	50029	40975	38675	109162	45955	54369	46376	68608	52305	62488	72388	68014	49243	35623	61005	87477	39709	66767	46663	56861	53184	52240	35714	52282	45819
57930	46994	56602	36534	40811	49405	45936	38829	76682	45127	76172	49984	39387	39107	110516	46018	52891	46986	67484	52404	59394	63435	69810	50138	35660	62576	88372	37735	66880	47593	57298	52618	51364	35468	52238	45525
63135	47579	54593	36691	42212	47697	45755	38034	74515	45055	73830	53691	39979	38330	105141	46978	53497	49374	66835	52413	56598	61255	67825	49737	35916	61529	89777	38090	65937	48484	57114	51276	50593	35289	53080	44845
68340	48164	52584	36847	43612	45989	45575	37239	72349	44982	71487	57398	40570	37553	99766	47939	54103	51763	66186	52423	53802	59075	65840	49337	36171	60482	91183	38445	64995	49376	56929	49935	49822	35109	53922	44166
73545	48749	50575	37004	45013	44282	45395	36444	70182	44909	69145	61105	41162	36776	94392	48899	54709	54151	65537	52433	51005	56895	63854	48937	36427	59435	92588	38800	64052	50268	56745	48593	49050	34929	54765	43486
78750	49334	48566	37161	46413	42574	45215	35648	68015	44836	66802	64811	41753	35999	89017	49859	55315	56540	64887	52442	48209	54715	61869	48536	36682	58388	93994	39154	63110	51159	56561	47252	48279	34749	55607	42806
83955	49919	46557	37318	47814	40867	45035	34853	65849	44763	64460	68518	42345	35222	83642	50819	55922	58928	64238	52452	45413	52536	59883	48136	36938	57341	95399	39509	62167	52051	56376	45910	47508	34570	56449	42127
89160	50504	44548	37475	49215	39159	44855	34058	63682	44691	62117	72225	42936	34445	78267	51780	56528	61316	63589	52461	42616	50356	57898	47736	37193	56294	96805	39864	61225	52942	56192	44569	46737	34390	57292	41447
94365	51089	42539	37632	50615	37451	44674	33263	61515	44618	59775	75932	43528	33668	72892	52740	57134	63705	62940	52471	39820	48176	55913	47335	37449	55247	98211	40219	60282	53834	56008	43227	45966	34210	58134	40768
93830	50742	44651	37861	52175	38644	44395	33216	62133	45028	60140	77778	43951	35065	71945	52546	56743	66774	63068	52024	41224	48307	57669	47311	37806	56117	94803	41804	59060	52186	55532	43051	46301	34256	58133	39845
93294	50396	46764	38090	53736	39837	44116	33170	62750	45439	60505	79625	44374	36462	70998	52353	56352	69843	63197	51577	42627	48438	59426	47288	38163	56988	91396	43390	57838	50538	55057	42875	46637	34301	58132	38923
92759	50049	48877	38319	55296	41029	43837	33123	63368	45849	60870	81472	44797	37859	70051	52159	55961	72911	63326	51131	44030	48569	61183	47264	38521	57858	87989	44975	56615	48890	54582	42699	46973	34347	58131	38001
92223	49702	50989	38548	56856	42222	43558	33076	63985	46260	61235	83319	45220	39256	69104	51965	55570	75980	63454	50684	45434	48700	62940	47240	38878	58728	84582	46561	55393	47242	54106	42523	47309	34393	58131	37079
91688	49356	53102	38777	58416	43414	43279	33029	64603	46670	61600	85166	45643	40653	68158	51771	55179	79049	63583	50237	46837	48831	64696	47216	39236	59598	81174	48146	54171	45594	53631	42347	47644	34438	58130	36156
91153	49009	55215	39006	59976	44607	43000	32983	65220	47080	61965	87013	46066	42051	67211	51578	54788	82118	63711	49790	48241	48962	66453	47192	39593	60468	77767	49732	52949	43946	53156	42171	47980	34484	58129	35234
90617	48663	57327	39235	61536	45800	42721	32936	65838	47491	62330	88860	46489	43448	66264	51384	54397	85187	63840	49343	49644	49093	68210	47169	39950	61338	74360	51317	51726	42299	52681	41994	48316	34529	58128	34312
90617	48663	57327	39235	61536	45800	42721	32936	65838	47491	62330	88860	46489	43448	66264	51384	54397	85187	63840	49343	49644	49093	68210	47169	39950	61338	74360	51317	51726	42299	52681	41994	48316	34529	58128	34312
90617	48663	57327	39235	61536	45800	42721	32936	65838	47491	62330	88860	46489	43448	66264	51384	54397	85187	63840	49343	49644	49093	68210	47169	39950	61338	74360	51317	51726	42299	52681	41994	48316	34529	58128	34312
90617	48663	57327	39235	61536	45800	42721	32936	65838	47491	62330	88860	46489	43448	66264	51384	54397	85187	63840	49343	49644	49093	68210	47169	39950	61338	74360	51317	51726	42299	52681	41994	48316	34529	58128	34312
90617	48663	57327	39235	61536	45800	42721	32936	65838	47491	62330	88860	46489	43448	66264	51384	54397	85187	63840	49343	49644	49093	68210	47169	39950	61338	74360	51317	51726	42299	52681	41994	48316	34529	58128	34312
90617	48663	57327	39235	61536	45800	42721	32936	65838	47491	62330	88860	46489	43448	66264	51384	54397	85187	63840	49343	49644	49093	68210	47169	39950	61338	74360	51317	51726	42299	52681	41994	48316	34529	58128	34312
90617	48663	57327	39235	61536	45800	42721	32936	65838	47491	62330	88860	46489	43448	66264	51384	54397	85187	63840	49343	49644	49093	68210	47169	39950	61338	74360	51317	51726	42299	52681	41994	48316	34529	58128	34312
90617	48663	57327	39235	61536	45800	42721	32936	65838	47491	62330	88860	46489	43448	66264	51384	54397	85187	63840	49343	49644	49093	68210	47169	39950	61338	74360	51317	51726	42299	52681	41994	48316	34529	58128	34312
